 0.00000000e+00  1.80000000e+00  0.00000000e+00  0.00000000e+00  0.00000000e+00  1.79999982e+00  0.00000000e+00  1.28015717e-10 
 2.00000000e-07  1.80000000e+00  2.00000000e-07  0.00000000e+00  2.00000000e-07  1.79999982e+00  2.00000000e-07  1.28015717e-10 
 4.00000000e-07  1.80000000e+00  4.00000000e-07  0.00000000e+00  4.00000000e-07  1.79999982e+00  4.00000000e-07  1.28015717e-10 
 8.00000000e-07  1.80000000e+00  8.00000000e-07  0.00000000e+00  8.00000000e-07  1.79999982e+00  8.00000000e-07  1.28015717e-10 
 1.60000000e-06  1.80000000e+00  1.60000000e-06  0.00000000e+00  1.60000000e-06  1.79999982e+00  1.60000000e-06  1.28015717e-10 
 3.20000000e-06  1.80000000e+00  3.20000000e-06  0.00000000e+00  3.20000000e-06  1.79999982e+00  3.20000000e-06  1.28015717e-10 
 6.40000000e-06  1.80000000e+00  6.40000000e-06  0.00000000e+00  6.40000000e-06  1.79999982e+00  6.40000000e-06  1.28015717e-10 
 1.28000000e-05  1.80000000e+00  1.28000000e-05  0.00000000e+00  1.28000000e-05  1.79999982e+00  1.28000000e-05  1.28015717e-10 
 2.56000000e-05  1.80000000e+00  2.56000000e-05  0.00000000e+00  2.56000000e-05  1.79999982e+00  2.56000000e-05  1.28015717e-10 
 4.56000000e-05  1.80000000e+00  4.56000000e-05  0.00000000e+00  4.56000000e-05  1.79999982e+00  4.56000000e-05  1.28015717e-10 
 6.56000000e-05  1.80000000e+00  6.56000000e-05  0.00000000e+00  6.56000000e-05  1.79999982e+00  6.56000000e-05  1.28015717e-10 
 8.56000000e-05  1.80000000e+00  8.56000000e-05  0.00000000e+00  8.56000000e-05  1.79999982e+00  8.56000000e-05  1.28015717e-10 
 1.05600000e-04  1.80000000e+00  1.05600000e-04  0.00000000e+00  1.05600000e-04  1.79999982e+00  1.05600000e-04  1.28015717e-10 
 1.25600000e-04  1.80000000e+00  1.25600000e-04  0.00000000e+00  1.25600000e-04  1.79999982e+00  1.25600000e-04  1.28015717e-10 
 1.45600000e-04  1.80000000e+00  1.45600000e-04  0.00000000e+00  1.45600000e-04  1.79999982e+00  1.45600000e-04  1.28015717e-10 
 1.65600000e-04  1.80000000e+00  1.65600000e-04  0.00000000e+00  1.65600000e-04  1.79999982e+00  1.65600000e-04  1.28015717e-10 
 1.85600000e-04  1.80000000e+00  1.85600000e-04  0.00000000e+00  1.85600000e-04  1.79999982e+00  1.85600000e-04  1.28015717e-10 
 2.05600000e-04  1.80000000e+00  2.05600000e-04  0.00000000e+00  2.05600000e-04  1.79999982e+00  2.05600000e-04  1.28015717e-10 
 2.25600000e-04  1.80000000e+00  2.25600000e-04  0.00000000e+00  2.25600000e-04  1.79999982e+00  2.25600000e-04  1.28015717e-10 
 2.45600000e-04  1.80000000e+00  2.45600000e-04  0.00000000e+00  2.45600000e-04  1.79999982e+00  2.45600000e-04  1.28015717e-10 
 2.65600000e-04  1.80000000e+00  2.65600000e-04  0.00000000e+00  2.65600000e-04  1.79999982e+00  2.65600000e-04  1.28015717e-10 
 2.85600000e-04  1.80000000e+00  2.85600000e-04  0.00000000e+00  2.85600000e-04  1.79999982e+00  2.85600000e-04  1.28015717e-10 
 3.05600000e-04  1.80000000e+00  3.05600000e-04  0.00000000e+00  3.05600000e-04  1.79999982e+00  3.05600000e-04  1.28015717e-10 
 3.25600000e-04  1.80000000e+00  3.25600000e-04  0.00000000e+00  3.25600000e-04  1.79999982e+00  3.25600000e-04  1.28015717e-10 
 3.45600000e-04  1.80000000e+00  3.45600000e-04  0.00000000e+00  3.45600000e-04  1.79999982e+00  3.45600000e-04  1.28015717e-10 
 3.65600000e-04  1.80000000e+00  3.65600000e-04  0.00000000e+00  3.65600000e-04  1.79999982e+00  3.65600000e-04  1.28015717e-10 
 3.85600000e-04  1.80000000e+00  3.85600000e-04  0.00000000e+00  3.85600000e-04  1.79999982e+00  3.85600000e-04  1.28015717e-10 
 4.05600000e-04  1.80000000e+00  4.05600000e-04  0.00000000e+00  4.05600000e-04  1.79999982e+00  4.05600000e-04  1.28015717e-10 
 4.25600000e-04  1.80000000e+00  4.25600000e-04  0.00000000e+00  4.25600000e-04  1.79999982e+00  4.25600000e-04  1.28015717e-10 
 4.45600000e-04  1.80000000e+00  4.45600000e-04  0.00000000e+00  4.45600000e-04  1.79999982e+00  4.45600000e-04  1.28015717e-10 
 4.65600000e-04  1.80000000e+00  4.65600000e-04  0.00000000e+00  4.65600000e-04  1.79999982e+00  4.65600000e-04  1.28015717e-10 
 4.85600000e-04  1.80000000e+00  4.85600000e-04  0.00000000e+00  4.85600000e-04  1.79999982e+00  4.85600000e-04  1.28015717e-10 
 5.05600000e-04  1.80000000e+00  5.05600000e-04  0.00000000e+00  5.05600000e-04  1.79999982e+00  5.05600000e-04  1.28015717e-10 
 5.25600000e-04  1.80000000e+00  5.25600000e-04  0.00000000e+00  5.25600000e-04  1.79999982e+00  5.25600000e-04  1.28015717e-10 
 5.45600000e-04  1.80000000e+00  5.45600000e-04  0.00000000e+00  5.45600000e-04  1.79999982e+00  5.45600000e-04  1.28015717e-10 
 5.65600000e-04  1.80000000e+00  5.65600000e-04  0.00000000e+00  5.65600000e-04  1.79999982e+00  5.65600000e-04  1.28015717e-10 
 5.85600000e-04  1.80000000e+00  5.85600000e-04  0.00000000e+00  5.85600000e-04  1.79999982e+00  5.85600000e-04  1.28015717e-10 
 6.05600000e-04  1.80000000e+00  6.05600000e-04  0.00000000e+00  6.05600000e-04  1.79999982e+00  6.05600000e-04  1.28015717e-10 
 6.25600000e-04  1.80000000e+00  6.25600000e-04  0.00000000e+00  6.25600000e-04  1.79999982e+00  6.25600000e-04  1.28015717e-10 
 6.45600000e-04  1.80000000e+00  6.45600000e-04  0.00000000e+00  6.45600000e-04  1.79999982e+00  6.45600000e-04  1.28015717e-10 
 6.65600000e-04  1.80000000e+00  6.65600000e-04  0.00000000e+00  6.65600000e-04  1.79999982e+00  6.65600000e-04  1.28015717e-10 
 6.85600000e-04  1.80000000e+00  6.85600000e-04  0.00000000e+00  6.85600000e-04  1.79999982e+00  6.85600000e-04  1.28015717e-10 
 7.05600000e-04  1.80000000e+00  7.05600000e-04  0.00000000e+00  7.05600000e-04  1.79999982e+00  7.05600000e-04  1.28015717e-10 
 7.25600000e-04  1.80000000e+00  7.25600000e-04  0.00000000e+00  7.25600000e-04  1.79999982e+00  7.25600000e-04  1.28015717e-10 
 7.45600000e-04  1.80000000e+00  7.45600000e-04  0.00000000e+00  7.45600000e-04  1.79999982e+00  7.45600000e-04  1.28015717e-10 
 7.65600000e-04  1.80000000e+00  7.65600000e-04  0.00000000e+00  7.65600000e-04  1.79999982e+00  7.65600000e-04  1.28015717e-10 
 7.85600000e-04  1.80000000e+00  7.85600000e-04  0.00000000e+00  7.85600000e-04  1.79999982e+00  7.85600000e-04  1.28015717e-10 
 8.05600000e-04  1.80000000e+00  8.05600000e-04  0.00000000e+00  8.05600000e-04  1.79999982e+00  8.05600000e-04  1.28015717e-10 
 8.25600000e-04  1.80000000e+00  8.25600000e-04  0.00000000e+00  8.25600000e-04  1.79999982e+00  8.25600000e-04  1.28015717e-10 
 8.45600000e-04  1.80000000e+00  8.45600000e-04  0.00000000e+00  8.45600000e-04  1.79999982e+00  8.45600000e-04  1.28015717e-10 
 8.65600000e-04  1.80000000e+00  8.65600000e-04  0.00000000e+00  8.65600000e-04  1.79999982e+00  8.65600000e-04  1.28015717e-10 
 8.85600000e-04  1.80000000e+00  8.85600000e-04  0.00000000e+00  8.85600000e-04  1.79999982e+00  8.85600000e-04  1.28015717e-10 
 9.05600000e-04  1.80000000e+00  9.05600000e-04  0.00000000e+00  9.05600000e-04  1.79999982e+00  9.05600000e-04  1.28015717e-10 
 9.25600000e-04  1.80000000e+00  9.25600000e-04  0.00000000e+00  9.25600000e-04  1.79999982e+00  9.25600000e-04  1.28015717e-10 
 9.45600000e-04  1.80000000e+00  9.45600000e-04  0.00000000e+00  9.45600000e-04  1.79999982e+00  9.45600000e-04  1.28015717e-10 
 9.65600000e-04  1.80000000e+00  9.65600000e-04  0.00000000e+00  9.65600000e-04  1.79999982e+00  9.65600000e-04  1.28015717e-10 
 9.85600000e-04  1.80000000e+00  9.85600000e-04  0.00000000e+00  9.85600000e-04  1.79999982e+00  9.85600000e-04  1.28015717e-10 
 1.00000000e-03  1.80000000e+00  1.00000000e-03  0.00000000e+00  1.00000000e-03  1.79999982e+00  1.00000000e-03  1.28015717e-10 
 1.00200000e-03  1.80000000e+00  1.00200000e-03  3.30000000e-01  1.00200000e-03  1.79999982e+00  1.00200000e-03  1.28015717e-10 
 1.00600000e-03  1.80000000e+00  1.00600000e-03  9.90000000e-01  1.00600000e-03  1.79999982e+00  1.00600000e-03  1.28015717e-10 
 1.00975142e-03  1.79597066e+00  1.00975142e-03  1.60898459e+00  1.00975142e-03  7.38498636e-04  1.00975142e-03  6.10950658e-03 
 1.01331494e-03  1.79361304e+00  1.01331494e-03  2.19696552e+00  1.01331494e-03  3.75672950e-04  1.01331494e-03  1.76688700e-02 
 1.01887417e-03  1.79462850e+00  1.01887417e-03  3.11423813e+00  1.01887417e-03  2.13231084e-04  1.01887417e-03  3.55829556e-02 
 1.02000000e-03  1.79432594e+00  1.02000000e-03  3.30000000e+00  1.02000000e-03  1.96098851e-04  1.02000000e-03  3.91982448e-02 
 1.02055694e-03  1.79430049e+00  1.02055694e-03  3.30000000e+00  1.02055694e-03  1.95770614e-04  1.02055694e-03  4.09835877e-02 
 1.02167082e-03  1.79427062e+00  1.02167082e-03  3.30000000e+00  1.02167082e-03  1.96092858e-04  1.02167082e-03  4.45516192e-02 
 1.02389858e-03  1.79426326e+00  1.02389858e-03  3.30000000e+00  1.02389858e-03  1.96092054e-04  1.02389858e-03  5.16721301e-02 
 1.02835409e-03  1.79426483e+00  1.02835409e-03  3.30000000e+00  1.02835409e-03  1.96092226e-04  1.02835409e-03  6.58520823e-02 
 1.03726513e-03  1.79426397e+00  1.03726513e-03  3.30000000e+00  1.03726513e-03  1.96092132e-04  1.03726513e-03  9.39697707e-02 
 1.05508720e-03  1.79426462e+00  1.05508720e-03  3.30000000e+00  1.05508720e-03  1.96092203e-04  1.05508720e-03  1.49249912e-01 
 1.07508720e-03  1.79426407e+00  1.07508720e-03  3.30000000e+00  1.07508720e-03  1.96092143e-04  1.07508720e-03  2.09796741e-01 
 1.09508720e-03  1.79426454e+00  1.09508720e-03  3.30000000e+00  1.09508720e-03  1.96092194e-04  1.09508720e-03  2.68806836e-01 
 1.11508720e-03  1.79426414e+00  1.11508720e-03  3.30000000e+00  1.11508720e-03  1.96092150e-04  1.11508720e-03  3.26319209e-01 
 1.13508720e-03  1.79426448e+00  1.13508720e-03  3.30000000e+00  1.13508720e-03  1.96092188e-04  1.13508720e-03  3.82371867e-01 
 1.15508720e-03  1.79426419e+00  1.15508720e-03  3.30000000e+00  1.15508720e-03  1.96092156e-04  1.15508720e-03  4.37001864e-01 
 1.17508720e-03  1.79426444e+00  1.17508720e-03  3.30000000e+00  1.17508720e-03  1.96092183e-04  1.17508720e-03  4.90245304e-01 
 1.19508720e-03  1.79426422e+00  1.19508720e-03  3.30000000e+00  1.19508720e-03  1.96092160e-04  1.19508720e-03  5.42137383e-01 
 1.21508720e-03  1.79426441e+00  1.21508720e-03  3.30000000e+00  1.21508720e-03  1.96092180e-04  1.21508720e-03  5.92712396e-01 
 1.23508720e-03  1.79426425e+00  1.23508720e-03  3.30000000e+00  1.23508720e-03  1.96092163e-04  1.23508720e-03  6.42003774e-01 
 1.25508720e-03  1.79426438e+00  1.25508720e-03  3.30000000e+00  1.25508720e-03  1.96092177e-04  1.25508720e-03  6.90044094e-01 
 1.27508720e-03  1.79427051e+00  1.27508720e-03  3.30000000e+00  1.27508720e-03  1.96092847e-04  1.27508720e-03  7.36827315e-01 
 1.29508720e-03  1.79429562e+00  1.29508720e-03  3.30000000e+00  1.29508720e-03  1.96095591e-04  1.29508720e-03  7.82239389e-01 
 1.31508720e-03  1.79433877e+00  1.31508720e-03  3.30000000e+00  1.31508720e-03  1.96100307e-04  1.31508720e-03  8.26107845e-01 
 1.33508720e-03  1.79439728e+00  1.33508720e-03  3.30000000e+00  1.33508720e-03  1.96106702e-04  1.33508720e-03  8.68285709e-01 
 1.35508720e-03  1.79446933e+00  1.35508720e-03  3.30000000e+00  1.35508720e-03  1.96114576e-04  1.35508720e-03  9.08654581e-01 
 1.37508720e-03  1.79455225e+00  1.37508720e-03  3.30000000e+00  1.37508720e-03  1.96123639e-04  1.37508720e-03  9.47124627e-01 
 1.39508720e-03  1.79464412e+00  1.39508720e-03  3.30000000e+00  1.39508720e-03  1.96133680e-04  1.39508720e-03  9.83633728e-01 
 1.41508720e-03  1.79474251e+00  1.41508720e-03  3.30000000e+00  1.41508720e-03  1.96144433e-04  1.41508720e-03  1.01814598e+00 
 1.43508720e-03  1.79484565e+00  1.43508720e-03  3.30000000e+00  1.43508720e-03  1.96155706e-04  1.43508720e-03  1.05064961e+00 
 1.45508720e-03  1.79495152e+00  1.45508720e-03  3.30000000e+00  1.45508720e-03  1.96167276e-04  1.45508720e-03  1.08115458e+00 
 1.47508720e-03  1.79505865e+00  1.47508720e-03  3.30000000e+00  1.47508720e-03  1.96178985e-04  1.47508720e-03  1.10968989e+00 
 1.49508720e-03  1.79516548e+00  1.49508720e-03  3.30000000e+00  1.49508720e-03  1.96190661e-04  1.49508720e-03  1.13630079e+00 
 1.51508720e-03  1.79527094e+00  1.51508720e-03  3.30000000e+00  1.51508720e-03  1.96202187e-04  1.51508720e-03  1.16104600e+00 
 1.53508720e-03  1.79537391e+00  1.53508720e-03  3.30000000e+00  1.53508720e-03  1.96213441e-04  1.53508720e-03  1.18399503e+00 
 1.55508720e-03  1.79547369e+00  1.55508720e-03  3.30000000e+00  1.55508720e-03  1.96224346e-04  1.55508720e-03  1.20522568e+00 
 1.57508720e-03  1.79556956e+00  1.57508720e-03  3.30000000e+00  1.57508720e-03  1.96234824e-04  1.57508720e-03  1.22482170e+00 
 1.59508720e-03  1.79566114e+00  1.59508720e-03  3.30000000e+00  1.59508720e-03  1.96244833e-04  1.59508720e-03  1.24287076e+00 
 1.61508720e-03  1.79574803e+00  1.61508720e-03  3.30000000e+00  1.61508720e-03  1.96254330e-04  1.61508720e-03  1.25946263e+00 
 1.63508720e-03  1.79583011e+00  1.63508720e-03  3.30000000e+00  1.63508720e-03  1.96263300e-04  1.63508720e-03  1.27468768e+00 
 1.65508720e-03  1.79590722e+00  1.65508720e-03  3.30000000e+00  1.65508720e-03  1.96271727e-04  1.65508720e-03  1.28863558e+00 
 1.67508720e-03  1.79597939e+00  1.67508720e-03  3.30000000e+00  1.67508720e-03  1.96279616e-04  1.67508720e-03  1.30139422e+00 
 1.69508720e-03  1.79604667e+00  1.69508720e-03  3.30000000e+00  1.69508720e-03  1.96286968e-04  1.69508720e-03  1.31304895e+00 
 1.71508720e-03  1.79610919e+00  1.71508720e-03  3.30000000e+00  1.71508720e-03  1.96293801e-04  1.71508720e-03  1.32368189e+00 
 1.73508720e-03  1.79616709e+00  1.73508720e-03  3.30000000e+00  1.73508720e-03  1.96300130e-04  1.73508720e-03  1.33337149e+00 
 1.75508720e-03  1.79622059e+00  1.75508720e-03  3.30000000e+00  1.75508720e-03  1.96305977e-04  1.75508720e-03  1.34219220e+00 
 1.77508720e-03  1.79626988e+00  1.77508720e-03  3.30000000e+00  1.77508720e-03  1.96311364e-04  1.77508720e-03  1.35021429e+00 
 1.79508720e-03  1.79631521e+00  1.79508720e-03  3.30000000e+00  1.79508720e-03  1.96316318e-04  1.79508720e-03  1.35750375e+00 
 1.81508720e-03  1.79635680e+00  1.81508720e-03  3.30000000e+00  1.81508720e-03  1.96320864e-04  1.81508720e-03  1.36412227e+00 
 1.83508720e-03  1.79639491e+00  1.83508720e-03  3.30000000e+00  1.83508720e-03  1.96325028e-04  1.83508720e-03  1.37012731e+00 
 1.85508720e-03  1.79642975e+00  1.85508720e-03  3.30000000e+00  1.85508720e-03  1.96328836e-04  1.85508720e-03  1.37557219e+00 
 1.87508720e-03  1.79646157e+00  1.87508720e-03  3.30000000e+00  1.87508720e-03  1.96332314e-04  1.87508720e-03  1.38050628e+00 
 1.89508720e-03  1.79649059e+00  1.89508720e-03  3.30000000e+00  1.89508720e-03  1.96335486e-04  1.89508720e-03  1.38497509e+00 
 1.91508720e-03  1.79651703e+00  1.91508720e-03  3.30000000e+00  1.91508720e-03  1.96338375e-04  1.91508720e-03  1.38902055e+00 
 1.93508720e-03  1.79654108e+00  1.93508720e-03  3.30000000e+00  1.93508720e-03  1.96341004e-04  1.93508720e-03  1.39268117e+00 
 1.95508720e-03  1.79656295e+00  1.95508720e-03  3.30000000e+00  1.95508720e-03  1.96343394e-04  1.95508720e-03  1.39599225e+00 
 1.97508720e-03  1.79658281e+00  1.97508720e-03  3.30000000e+00  1.97508720e-03  1.96345565e-04  1.97508720e-03  1.39898608e+00 
 1.99508720e-03  1.79660084e+00  1.99508720e-03  3.30000000e+00  1.99508720e-03  1.96347535e-04  1.99508720e-03  1.40169220e+00 
 2.01508720e-03  1.79661719e+00  2.01508720e-03  3.30000000e+00  2.01508720e-03  1.96349322e-04  2.01508720e-03  1.40413753e+00 
 2.03508720e-03  1.79663201e+00  2.03508720e-03  3.30000000e+00  2.03508720e-03  1.96350942e-04  2.03508720e-03  1.40634662e+00 
 2.05508720e-03  1.79664544e+00  2.05508720e-03  3.30000000e+00  2.05508720e-03  1.96352409e-04  2.05508720e-03  1.40834182e+00 
 2.07508720e-03  1.79665759e+00  2.07508720e-03  3.30000000e+00  2.07508720e-03  1.96353738e-04  2.07508720e-03  1.41014345e+00 
 2.09508720e-03  1.79666859e+00  2.09508720e-03  3.30000000e+00  2.09508720e-03  1.96354940e-04  2.09508720e-03  1.41176997e+00 
 2.11508720e-03  1.79667854e+00  2.11508720e-03  3.30000000e+00  2.11508720e-03  1.96356028e-04  2.11508720e-03  1.41323814e+00 
 2.13508720e-03  1.79668754e+00  2.13508720e-03  3.30000000e+00  2.13508720e-03  1.96357011e-04  2.13508720e-03  1.41456317e+00 
 2.15508720e-03  1.79669568e+00  2.15508720e-03  3.30000000e+00  2.15508720e-03  1.96357900e-04  2.15508720e-03  1.41575885e+00 
 2.17508720e-03  1.79670303e+00  2.17508720e-03  3.30000000e+00  2.17508720e-03  1.96358704e-04  2.17508720e-03  1.41683766e+00 
 2.19508720e-03  1.79670967e+00  2.19508720e-03  3.30000000e+00  2.19508720e-03  1.96359430e-04  2.19508720e-03  1.41781090e+00 
 2.21508720e-03  1.79671567e+00  2.21508720e-03  3.30000000e+00  2.21508720e-03  1.96360085e-04  2.21508720e-03  1.41868883e+00 
 2.23508720e-03  1.79672109e+00  2.23508720e-03  3.30000000e+00  2.23508720e-03  1.96360677e-04  2.23508720e-03  1.41948070e+00 
 2.25508720e-03  1.79672598e+00  2.25508720e-03  3.30000000e+00  2.25508720e-03  1.96361212e-04  2.25508720e-03  1.42019487e+00 
 2.27508720e-03  1.79673039e+00  2.27508720e-03  3.30000000e+00  2.27508720e-03  1.96361695e-04  2.27508720e-03  1.42083894e+00 
 2.29508720e-03  1.79673438e+00  2.29508720e-03  3.30000000e+00  2.29508720e-03  1.96362130e-04  2.29508720e-03  1.42141973e+00 
 2.31508720e-03  1.79673797e+00  2.31508720e-03  3.30000000e+00  2.31508720e-03  1.96362523e-04  2.31508720e-03  1.42194343e+00 
 2.33508720e-03  1.79674122e+00  2.33508720e-03  3.30000000e+00  2.33508720e-03  1.96362878e-04  2.33508720e-03  1.42241563e+00 
 2.35508720e-03  1.79674414e+00  2.35508720e-03  3.30000000e+00  2.35508720e-03  1.96363197e-04  2.35508720e-03  1.42284137e+00 
 2.37508720e-03  1.79674678e+00  2.37508720e-03  3.30000000e+00  2.37508720e-03  1.96363486e-04  2.37508720e-03  1.42322521e+00 
 2.39508720e-03  1.79674916e+00  2.39508720e-03  3.30000000e+00  2.39508720e-03  1.96363746e-04  2.39508720e-03  1.42357124e+00 
 2.41508720e-03  1.79675131e+00  2.41508720e-03  3.30000000e+00  2.41508720e-03  1.96363981e-04  2.41508720e-03  1.42388319e+00 
 2.43508720e-03  1.79675325e+00  2.43508720e-03  3.30000000e+00  2.43508720e-03  1.96364193e-04  2.43508720e-03  1.42416441e+00 
 2.45508720e-03  1.79675500e+00  2.45508720e-03  3.30000000e+00  2.45508720e-03  1.96364384e-04  2.45508720e-03  1.42441790e+00 
 2.47508720e-03  1.79675657e+00  2.47508720e-03  3.30000000e+00  2.47508720e-03  1.96364556e-04  2.47508720e-03  1.42464641e+00 
 2.49508720e-03  1.79675799e+00  2.49508720e-03  3.30000000e+00  2.49508720e-03  1.96364711e-04  2.49508720e-03  1.42485238e+00 
 2.51508720e-03  1.79675927e+00  2.51508720e-03  3.30000000e+00  2.51508720e-03  1.96364851e-04  2.51508720e-03  1.42503803e+00 
 2.53508720e-03  1.79676043e+00  2.53508720e-03  3.30000000e+00  2.53508720e-03  1.96364977e-04  2.53508720e-03  1.42520538e+00 
 2.55508720e-03  1.79676147e+00  2.55508720e-03  3.30000000e+00  2.55508720e-03  1.96365091e-04  2.55508720e-03  1.42535621e+00 
 2.57508720e-03  1.79676240e+00  2.57508720e-03  3.30000000e+00  2.57508720e-03  1.96365193e-04  2.57508720e-03  1.42549215e+00 
 2.59508720e-03  1.79676325e+00  2.59508720e-03  3.30000000e+00  2.59508720e-03  1.96365286e-04  2.59508720e-03  1.42561469e+00 
 2.61508720e-03  1.79676401e+00  2.61508720e-03  3.30000000e+00  2.61508720e-03  1.96365369e-04  2.61508720e-03  1.42572512e+00 
 2.63508720e-03  1.79676470e+00  2.63508720e-03  3.30000000e+00  2.63508720e-03  1.96365444e-04  2.63508720e-03  1.42582466e+00 
 2.65508720e-03  1.79676532e+00  2.65508720e-03  3.30000000e+00  2.65508720e-03  1.96365512e-04  2.65508720e-03  1.42591437e+00 
 2.67508720e-03  1.79676588e+00  2.67508720e-03  3.30000000e+00  2.67508720e-03  1.96365573e-04  2.67508720e-03  1.42599522e+00 
 2.69508720e-03  1.79676638e+00  2.69508720e-03  3.30000000e+00  2.69508720e-03  1.96365628e-04  2.69508720e-03  1.42606808e+00 
 2.71508720e-03  1.79676684e+00  2.71508720e-03  3.30000000e+00  2.71508720e-03  1.96365678e-04  2.71508720e-03  1.42613376e+00 
 2.73508720e-03  1.79676724e+00  2.73508720e-03  3.30000000e+00  2.73508720e-03  1.96365722e-04  2.73508720e-03  1.42619294e+00 
 2.75508720e-03  1.79676761e+00  2.75508720e-03  3.30000000e+00  2.75508720e-03  1.96365763e-04  2.75508720e-03  1.42624629e+00 
 2.77508720e-03  1.79676794e+00  2.77508720e-03  3.30000000e+00  2.77508720e-03  1.96365799e-04  2.77508720e-03  1.42629436e+00 
 2.79508720e-03  1.79676824e+00  2.79508720e-03  3.30000000e+00  2.79508720e-03  1.96365832e-04  2.79508720e-03  1.42633768e+00 
 2.81508720e-03  1.79676851e+00  2.81508720e-03  3.30000000e+00  2.81508720e-03  1.96365861e-04  2.81508720e-03  1.42637673e+00 
 2.83508720e-03  1.79676876e+00  2.83508720e-03  3.30000000e+00  2.83508720e-03  1.96365888e-04  2.83508720e-03  1.42641192e+00 
 2.85508720e-03  1.79676898e+00  2.85508720e-03  3.30000000e+00  2.85508720e-03  1.96365912e-04  2.85508720e-03  1.42644363e+00 
 2.87508720e-03  1.79676917e+00  2.87508720e-03  3.30000000e+00  2.87508720e-03  1.96365933e-04  2.87508720e-03  1.42647221e+00 
 2.89508720e-03  1.79676935e+00  2.89508720e-03  3.30000000e+00  2.89508720e-03  1.96365953e-04  2.89508720e-03  1.42649797e+00 
 2.91508720e-03  1.79676951e+00  2.91508720e-03  3.30000000e+00  2.91508720e-03  1.96365970e-04  2.91508720e-03  1.42652118e+00 
 2.93508720e-03  1.79676966e+00  2.93508720e-03  3.30000000e+00  2.93508720e-03  1.96365986e-04  2.93508720e-03  1.42654210e+00 
 2.95508720e-03  1.79676979e+00  2.95508720e-03  3.30000000e+00  2.95508720e-03  1.96366000e-04  2.95508720e-03  1.42656095e+00 
 2.97508720e-03  1.79676990e+00  2.97508720e-03  3.30000000e+00  2.97508720e-03  1.96366013e-04  2.97508720e-03  1.42657794e+00 
 2.99508720e-03  1.79677001e+00  2.99508720e-03  3.30000000e+00  2.99508720e-03  1.96366025e-04  2.99508720e-03  1.42659325e+00 
 3.01508720e-03  1.79677011e+00  3.01508720e-03  3.30000000e+00  3.01508720e-03  1.96366035e-04  3.01508720e-03  1.42660705e+00 
 3.03508720e-03  1.79677019e+00  3.03508720e-03  3.30000000e+00  3.03508720e-03  1.96366044e-04  3.03508720e-03  1.42661949e+00 
 3.05508720e-03  1.79677027e+00  3.05508720e-03  3.30000000e+00  3.05508720e-03  1.96366053e-04  3.05508720e-03  1.42663069e+00 
 3.07508720e-03  1.79677034e+00  3.07508720e-03  3.30000000e+00  3.07508720e-03  1.96366061e-04  3.07508720e-03  1.42664079e+00 
 3.09508720e-03  1.79677040e+00  3.09508720e-03  3.30000000e+00  3.09508720e-03  1.96366067e-04  3.09508720e-03  1.42664990e+00 
 3.11508720e-03  1.79677046e+00  3.11508720e-03  3.30000000e+00  3.11508720e-03  1.96366074e-04  3.11508720e-03  1.42665810e+00 
 3.13508720e-03  1.79677051e+00  3.13508720e-03  3.30000000e+00  3.13508720e-03  1.96366079e-04  3.13508720e-03  1.42666549e+00 
 3.15508720e-03  1.79677056e+00  3.15508720e-03  3.30000000e+00  3.15508720e-03  1.96366084e-04  3.15508720e-03  1.42667215e+00 
 3.17508720e-03  1.79677060e+00  3.17508720e-03  3.30000000e+00  3.17508720e-03  1.96366089e-04  3.17508720e-03  1.42667815e+00 
 3.19508720e-03  1.79677063e+00  3.19508720e-03  3.30000000e+00  3.19508720e-03  1.96366093e-04  3.19508720e-03  1.42668356e+00 
 3.21508720e-03  1.79677067e+00  3.21508720e-03  3.30000000e+00  3.21508720e-03  1.96366097e-04  3.21508720e-03  1.42668844e+00 
 3.23508720e-03  1.79677070e+00  3.23508720e-03  3.30000000e+00  3.23508720e-03  1.96366100e-04  3.23508720e-03  1.42669283e+00 
 3.25508720e-03  1.79677073e+00  3.25508720e-03  3.30000000e+00  3.25508720e-03  1.96366103e-04  3.25508720e-03  1.42669679e+00 
 3.27508720e-03  1.79677075e+00  3.27508720e-03  3.30000000e+00  3.27508720e-03  1.96366106e-04  3.27508720e-03  1.42670036e+00 
 3.29508720e-03  1.79677077e+00  3.29508720e-03  3.30000000e+00  3.29508720e-03  1.96366108e-04  3.29508720e-03  1.42670358e+00 
 3.31508720e-03  1.79677079e+00  3.31508720e-03  3.30000000e+00  3.31508720e-03  1.96366110e-04  3.31508720e-03  1.42670648e+00 
 3.33508720e-03  1.79677081e+00  3.33508720e-03  3.30000000e+00  3.33508720e-03  1.96366112e-04  3.33508720e-03  1.42670909e+00 
 3.35508720e-03  1.79677083e+00  3.35508720e-03  3.30000000e+00  3.35508720e-03  1.96366114e-04  3.35508720e-03  1.42671144e+00 
 3.37508720e-03  1.79677084e+00  3.37508720e-03  3.30000000e+00  3.37508720e-03  1.96366116e-04  3.37508720e-03  1.42671356e+00 
 3.39508720e-03  1.79677086e+00  3.39508720e-03  3.30000000e+00  3.39508720e-03  1.96366117e-04  3.39508720e-03  1.42671547e+00 
 3.41508720e-03  1.79677087e+00  3.41508720e-03  3.30000000e+00  3.41508720e-03  1.96366118e-04  3.41508720e-03  1.42671720e+00 
 3.43508720e-03  1.79677088e+00  3.43508720e-03  3.30000000e+00  3.43508720e-03  1.96366119e-04  3.43508720e-03  1.42671875e+00 
 3.45508720e-03  1.79677089e+00  3.45508720e-03  3.30000000e+00  3.45508720e-03  1.96366121e-04  3.45508720e-03  1.42672015e+00 
 3.47508720e-03  1.79677090e+00  3.47508720e-03  3.30000000e+00  3.47508720e-03  1.96366121e-04  3.47508720e-03  1.42672141e+00 
 3.49508720e-03  1.79677090e+00  3.49508720e-03  3.30000000e+00  3.49508720e-03  1.96366122e-04  3.49508720e-03  1.42672255e+00 
 3.51508720e-03  1.79677091e+00  3.51508720e-03  3.30000000e+00  3.51508720e-03  1.96366123e-04  3.51508720e-03  1.42672357e+00 
 3.53508720e-03  1.79677092e+00  3.53508720e-03  3.30000000e+00  3.53508720e-03  1.96366124e-04  3.53508720e-03  1.42672449e+00 
 3.55508720e-03  1.79677092e+00  3.55508720e-03  3.30000000e+00  3.55508720e-03  1.96366124e-04  3.55508720e-03  1.42672532e+00 
 3.57508720e-03  1.79677093e+00  3.57508720e-03  3.30000000e+00  3.57508720e-03  1.96366125e-04  3.57508720e-03  1.42672607e+00 
 3.59508720e-03  1.79677093e+00  3.59508720e-03  3.30000000e+00  3.59508720e-03  1.96366126e-04  3.59508720e-03  1.42672675e+00 
 3.61508720e-03  1.79677094e+00  3.61508720e-03  3.30000000e+00  3.61508720e-03  1.96366126e-04  3.61508720e-03  1.42672736e+00 
 3.63508720e-03  1.79677094e+00  3.63508720e-03  3.30000000e+00  3.63508720e-03  1.96366126e-04  3.63508720e-03  1.42672791e+00 
 3.65508720e-03  1.79677094e+00  3.65508720e-03  3.30000000e+00  3.65508720e-03  1.96366127e-04  3.65508720e-03  1.42672840e+00 
 3.67508720e-03  1.79677095e+00  3.67508720e-03  3.30000000e+00  3.67508720e-03  1.96366127e-04  3.67508720e-03  1.42672884e+00 
 3.69508720e-03  1.79677095e+00  3.69508720e-03  3.30000000e+00  3.69508720e-03  1.96366127e-04  3.69508720e-03  1.42672925e+00 
 3.71508720e-03  1.79677095e+00  3.71508720e-03  3.30000000e+00  3.71508720e-03  1.96366128e-04  3.71508720e-03  1.42672961e+00 
 3.73508720e-03  1.79677096e+00  3.73508720e-03  3.30000000e+00  3.73508720e-03  1.96366128e-04  3.73508720e-03  1.42672993e+00 
 3.75508720e-03  1.79677096e+00  3.75508720e-03  3.30000000e+00  3.75508720e-03  1.96366128e-04  3.75508720e-03  1.42673023e+00 
 3.77508720e-03  1.79677096e+00  3.77508720e-03  3.30000000e+00  3.77508720e-03  1.96366128e-04  3.77508720e-03  1.42673049e+00 
 3.79508720e-03  1.79677096e+00  3.79508720e-03  3.30000000e+00  3.79508720e-03  1.96366129e-04  3.79508720e-03  1.42673073e+00 
 3.81508720e-03  1.79677096e+00  3.81508720e-03  3.30000000e+00  3.81508720e-03  1.96366129e-04  3.81508720e-03  1.42673095e+00 
 3.83508720e-03  1.79677096e+00  3.83508720e-03  3.30000000e+00  3.83508720e-03  1.96366129e-04  3.83508720e-03  1.42673114e+00 
 3.85508720e-03  1.79677096e+00  3.85508720e-03  3.30000000e+00  3.85508720e-03  1.96366129e-04  3.85508720e-03  1.42673131e+00 
 3.87508720e-03  1.79677097e+00  3.87508720e-03  3.30000000e+00  3.87508720e-03  1.96366129e-04  3.87508720e-03  1.42673147e+00 
 3.89508720e-03  1.79677097e+00  3.89508720e-03  3.30000000e+00  3.89508720e-03  1.96366129e-04  3.89508720e-03  1.42673161e+00 
 3.91508720e-03  1.79677097e+00  3.91508720e-03  3.30000000e+00  3.91508720e-03  1.96366129e-04  3.91508720e-03  1.42673174e+00 
 3.93508720e-03  1.79677097e+00  3.93508720e-03  3.30000000e+00  3.93508720e-03  1.96366129e-04  3.93508720e-03  1.42673186e+00 
 3.95508720e-03  1.79677097e+00  3.95508720e-03  3.30000000e+00  3.95508720e-03  1.96366129e-04  3.95508720e-03  1.42673196e+00 
 3.97508720e-03  1.79677097e+00  3.97508720e-03  3.30000000e+00  3.97508720e-03  1.96366130e-04  3.97508720e-03  1.42673205e+00 
 3.99508720e-03  1.79677097e+00  3.99508720e-03  3.30000000e+00  3.99508720e-03  1.96366130e-04  3.99508720e-03  1.42673214e+00 
 4.01508720e-03  1.79677097e+00  4.01508720e-03  3.30000000e+00  4.01508720e-03  1.96366130e-04  4.01508720e-03  1.42673221e+00 
 4.03508720e-03  1.79677097e+00  4.03508720e-03  3.30000000e+00  4.03508720e-03  1.96366130e-04  4.03508720e-03  1.42673228e+00 
 4.05508720e-03  1.79677097e+00  4.05508720e-03  3.30000000e+00  4.05508720e-03  1.96366130e-04  4.05508720e-03  1.42673234e+00 
 4.07508720e-03  1.79677097e+00  4.07508720e-03  3.30000000e+00  4.07508720e-03  1.96366130e-04  4.07508720e-03  1.42673240e+00 
 4.09508720e-03  1.79677097e+00  4.09508720e-03  3.30000000e+00  4.09508720e-03  1.96366130e-04  4.09508720e-03  1.42673245e+00 
 4.11508720e-03  1.79677097e+00  4.11508720e-03  3.30000000e+00  4.11508720e-03  1.96366130e-04  4.11508720e-03  1.42673250e+00 
 4.13508720e-03  1.79677097e+00  4.13508720e-03  3.30000000e+00  4.13508720e-03  1.96366130e-04  4.13508720e-03  1.42673254e+00 
 4.15508720e-03  1.79677097e+00  4.15508720e-03  3.30000000e+00  4.15508720e-03  1.96366130e-04  4.15508720e-03  1.42673257e+00 
 4.17508720e-03  1.79677097e+00  4.17508720e-03  3.30000000e+00  4.17508720e-03  1.96366130e-04  4.17508720e-03  1.42673261e+00 
 4.19508720e-03  1.79677097e+00  4.19508720e-03  3.30000000e+00  4.19508720e-03  1.96366130e-04  4.19508720e-03  1.42673264e+00 
 4.21508720e-03  1.79677097e+00  4.21508720e-03  3.30000000e+00  4.21508720e-03  1.96366130e-04  4.21508720e-03  1.42673266e+00 
 4.23508720e-03  1.79677097e+00  4.23508720e-03  3.30000000e+00  4.23508720e-03  1.96366130e-04  4.23508720e-03  1.42673269e+00 
 4.25508720e-03  1.79677097e+00  4.25508720e-03  3.30000000e+00  4.25508720e-03  1.96366130e-04  4.25508720e-03  1.42673271e+00 
 4.27508720e-03  1.79677097e+00  4.27508720e-03  3.30000000e+00  4.27508720e-03  1.96366130e-04  4.27508720e-03  1.42673273e+00 
 4.29508720e-03  1.79677097e+00  4.29508720e-03  3.30000000e+00  4.29508720e-03  1.96366130e-04  4.29508720e-03  1.42673275e+00 
 4.31508720e-03  1.79677097e+00  4.31508720e-03  3.30000000e+00  4.31508720e-03  1.96366130e-04  4.31508720e-03  1.42673276e+00 
 4.33508720e-03  1.79677097e+00  4.33508720e-03  3.30000000e+00  4.33508720e-03  1.96366130e-04  4.33508720e-03  1.42673278e+00 
 4.35508720e-03  1.79677098e+00  4.35508720e-03  3.30000000e+00  4.35508720e-03  1.96366130e-04  4.35508720e-03  1.42673279e+00 
 4.37508720e-03  1.79677098e+00  4.37508720e-03  3.30000000e+00  4.37508720e-03  1.96366130e-04  4.37508720e-03  1.42673280e+00 
 4.39508720e-03  1.79677098e+00  4.39508720e-03  3.30000000e+00  4.39508720e-03  1.96366130e-04  4.39508720e-03  1.42673281e+00 
 4.41508720e-03  1.79677098e+00  4.41508720e-03  3.30000000e+00  4.41508720e-03  1.96366130e-04  4.41508720e-03  1.42673282e+00 
 4.43508720e-03  1.79677098e+00  4.43508720e-03  3.30000000e+00  4.43508720e-03  1.96366130e-04  4.43508720e-03  1.42673283e+00 
 4.45508720e-03  1.79677098e+00  4.45508720e-03  3.30000000e+00  4.45508720e-03  1.96366130e-04  4.45508720e-03  1.42673284e+00 
 4.47508720e-03  1.79677098e+00  4.47508720e-03  3.30000000e+00  4.47508720e-03  1.96366130e-04  4.47508720e-03  1.42673284e+00 
 4.49508720e-03  1.79677098e+00  4.49508720e-03  3.30000000e+00  4.49508720e-03  1.96366130e-04  4.49508720e-03  1.42673285e+00 
 4.51508720e-03  1.79677098e+00  4.51508720e-03  3.30000000e+00  4.51508720e-03  1.96366130e-04  4.51508720e-03  1.42673286e+00 
 4.53508720e-03  1.79677098e+00  4.53508720e-03  3.30000000e+00  4.53508720e-03  1.96366130e-04  4.53508720e-03  1.42673286e+00 
 4.55508720e-03  1.79677098e+00  4.55508720e-03  3.30000000e+00  4.55508720e-03  1.96366130e-04  4.55508720e-03  1.42673287e+00 
 4.57508720e-03  1.79677098e+00  4.57508720e-03  3.30000000e+00  4.57508720e-03  1.96366130e-04  4.57508720e-03  1.42673287e+00 
 4.59508720e-03  1.79677098e+00  4.59508720e-03  3.30000000e+00  4.59508720e-03  1.96366130e-04  4.59508720e-03  1.42673287e+00 
 4.61508720e-03  1.79677098e+00  4.61508720e-03  3.30000000e+00  4.61508720e-03  1.96366130e-04  4.61508720e-03  1.42673288e+00 
 4.63508720e-03  1.79677098e+00  4.63508720e-03  3.30000000e+00  4.63508720e-03  1.96366130e-04  4.63508720e-03  1.42673288e+00 
 4.65508720e-03  1.79677098e+00  4.65508720e-03  3.30000000e+00  4.65508720e-03  1.96366130e-04  4.65508720e-03  1.42673288e+00 
 4.67508720e-03  1.79677098e+00  4.67508720e-03  3.30000000e+00  4.67508720e-03  1.96366130e-04  4.67508720e-03  1.42673289e+00 
 4.69508720e-03  1.79677098e+00  4.69508720e-03  3.30000000e+00  4.69508720e-03  1.96366130e-04  4.69508720e-03  1.42673289e+00 
 4.71508720e-03  1.79677098e+00  4.71508720e-03  3.30000000e+00  4.71508720e-03  1.96366130e-04  4.71508720e-03  1.42673289e+00 
 4.73508720e-03  1.79677098e+00  4.73508720e-03  3.30000000e+00  4.73508720e-03  1.96366130e-04  4.73508720e-03  1.42673289e+00 
 4.75508720e-03  1.79677098e+00  4.75508720e-03  3.30000000e+00  4.75508720e-03  1.96366130e-04  4.75508720e-03  1.42673289e+00 
 4.77508720e-03  1.79677098e+00  4.77508720e-03  3.30000000e+00  4.77508720e-03  1.96366130e-04  4.77508720e-03  1.42673289e+00 
 4.79508720e-03  1.79677098e+00  4.79508720e-03  3.30000000e+00  4.79508720e-03  1.96366130e-04  4.79508720e-03  1.42673290e+00 
 4.81508720e-03  1.79677098e+00  4.81508720e-03  3.30000000e+00  4.81508720e-03  1.96366130e-04  4.81508720e-03  1.42673290e+00 
 4.83508720e-03  1.79677098e+00  4.83508720e-03  3.30000000e+00  4.83508720e-03  1.96366130e-04  4.83508720e-03  1.42673290e+00 
 4.85508720e-03  1.79677098e+00  4.85508720e-03  3.30000000e+00  4.85508720e-03  1.96366130e-04  4.85508720e-03  1.42673290e+00 
 4.87508720e-03  1.79677098e+00  4.87508720e-03  3.30000000e+00  4.87508720e-03  1.96366130e-04  4.87508720e-03  1.42673290e+00 
 4.89508720e-03  1.79677098e+00  4.89508720e-03  3.30000000e+00  4.89508720e-03  1.96366130e-04  4.89508720e-03  1.42673290e+00 
 4.91508720e-03  1.79677098e+00  4.91508720e-03  3.30000000e+00  4.91508720e-03  1.96366130e-04  4.91508720e-03  1.42673290e+00 
 4.93508720e-03  1.79677098e+00  4.93508720e-03  3.30000000e+00  4.93508720e-03  1.96366130e-04  4.93508720e-03  1.42673290e+00 
 4.95508720e-03  1.79677098e+00  4.95508720e-03  3.30000000e+00  4.95508720e-03  1.96366130e-04  4.95508720e-03  1.42673290e+00 
 4.97508720e-03  1.79677098e+00  4.97508720e-03  3.30000000e+00  4.97508720e-03  1.96366130e-04  4.97508720e-03  1.42673290e+00 
 4.99508720e-03  1.79677098e+00  4.99508720e-03  3.30000000e+00  4.99508720e-03  1.96366130e-04  4.99508720e-03  1.42673290e+00 
 5.01508720e-03  1.79677098e+00  5.01508720e-03  3.30000000e+00  5.01508720e-03  1.96366130e-04  5.01508720e-03  1.42673290e+00 
 5.02000000e-03  1.79677098e+00  5.02000000e-03  3.30000000e+00  5.02000000e-03  1.96366130e-04  5.02000000e-03  1.42673290e+00 
 5.02200000e-03  1.79677106e+00  5.02200000e-03  2.97000000e+00  5.02200000e-03  2.29078737e-04  5.02200000e-03  1.42673277e+00 
 5.02600000e-03  1.79677139e+00  5.02600000e-03  2.31000000e+00  5.02600000e-03  3.43951599e-04  5.02600000e-03  1.42673207e+00 
 5.03400000e-03  1.79946198e+00  5.03400000e-03  9.90000000e-01  5.03400000e-03  1.79946180e+00  5.03400000e-03  1.41943302e+00 
 5.04000000e-03  1.80031148e+00  5.04000000e-03  0.00000000e+00  5.04000000e-03  1.80031130e+00  5.04000000e-03  1.40852823e+00 
 5.04160000e-03  1.80010383e+00  5.04160000e-03  0.00000000e+00  5.04160000e-03  1.80010365e+00  5.04160000e-03  1.40563744e+00 
 5.04480000e-03  1.79996539e+00  5.04480000e-03  0.00000000e+00  5.04480000e-03  1.79996521e+00  5.04480000e-03  1.39986774e+00 
 5.05120000e-03  1.80002077e+00  5.05120000e-03  0.00000000e+00  5.05120000e-03  1.80002058e+00  5.05120000e-03  1.38839923e+00 
 5.06400000e-03  1.79998385e+00  5.06400000e-03  0.00000000e+00  5.06400000e-03  1.79998367e+00  5.06400000e-03  1.36574293e+00 
 5.08400000e-03  1.80001376e+00  5.08400000e-03  0.00000000e+00  5.08400000e-03  1.80001358e+00  5.08400000e-03  1.33107923e+00 
 5.10400000e-03  1.79998828e+00  5.10400000e-03  0.00000000e+00  5.10400000e-03  1.79998810e+00  5.10400000e-03  1.29729533e+00 
 5.12400000e-03  1.80000998e+00  5.12400000e-03  0.00000000e+00  5.12400000e-03  1.80000980e+00  5.12400000e-03  1.26436889e+00 
 5.14400000e-03  1.79999150e+00  5.14400000e-03  0.00000000e+00  5.14400000e-03  1.79999131e+00  5.14400000e-03  1.23227815e+00 
 5.16400000e-03  1.80000724e+00  5.16400000e-03  0.00000000e+00  5.16400000e-03  1.80000706e+00  5.16400000e-03  1.20100189e+00 
 5.18400000e-03  1.79999383e+00  5.18400000e-03  0.00000000e+00  5.18400000e-03  1.79999365e+00  5.18400000e-03  1.17051946e+00 
 5.20400000e-03  1.80000526e+00  5.20400000e-03  0.00000000e+00  5.20400000e-03  1.80000508e+00  5.20400000e-03  1.14081070e+00 
 5.22400000e-03  1.79999552e+00  5.22400000e-03  0.00000000e+00  5.22400000e-03  1.79999534e+00  5.22400000e-03  1.11185597e+00 
 5.24400000e-03  1.80000381e+00  5.24400000e-03  0.00000000e+00  5.24400000e-03  1.80000363e+00  5.24400000e-03  1.08363613e+00 
 5.26400000e-03  1.79999675e+00  5.26400000e-03  0.00000000e+00  5.26400000e-03  1.79999657e+00  5.26400000e-03  1.05613254e+00 
 5.28400000e-03  1.80000277e+00  5.28400000e-03  0.00000000e+00  5.28400000e-03  1.80000259e+00  5.28400000e-03  1.02932701e+00 
 5.30400000e-03  1.79999764e+00  5.30400000e-03  0.00000000e+00  5.30400000e-03  1.79999746e+00  5.30400000e-03  1.00320183e+00 
 5.32400000e-03  1.80000201e+00  5.32400000e-03  0.00000000e+00  5.32400000e-03  1.80000183e+00  5.32400000e-03  9.77739727e-01 
 5.34400000e-03  1.79999829e+00  5.34400000e-03  0.00000000e+00  5.34400000e-03  1.79999811e+00  5.34400000e-03  9.52923874e-01 
 5.36400000e-03  1.80000146e+00  5.36400000e-03  0.00000000e+00  5.36400000e-03  1.80000128e+00  5.36400000e-03  9.28737869e-01 
 5.38400000e-03  1.79999876e+00  5.38400000e-03  0.00000000e+00  5.38400000e-03  1.79999858e+00  5.38400000e-03  9.05165724e-01 
 5.40400000e-03  1.80000106e+00  5.40400000e-03  0.00000000e+00  5.40400000e-03  1.80000088e+00  5.40400000e-03  8.82191860e-01 
 5.42400000e-03  1.79999910e+00  5.42400000e-03  0.00000000e+00  5.42400000e-03  1.79999892e+00  5.42400000e-03  8.59801092e-01 
 5.44400000e-03  1.80000077e+00  5.44400000e-03  0.00000000e+00  5.44400000e-03  1.80000059e+00  5.44400000e-03  8.37978621e-01 
 5.46400000e-03  1.79999935e+00  5.46400000e-03  0.00000000e+00  5.46400000e-03  1.79999916e+00  5.46400000e-03  8.16710022e-01 
 5.48400000e-03  1.80000056e+00  5.48400000e-03  0.00000000e+00  5.48400000e-03  1.80000038e+00  5.48400000e-03  7.95981237e-01 
 5.50400000e-03  1.79999953e+00  5.50400000e-03  0.00000000e+00  5.50400000e-03  1.79999934e+00  5.50400000e-03  7.75778567e-01 
 5.52400000e-03  1.80000040e+00  5.52400000e-03  0.00000000e+00  5.52400000e-03  1.80000022e+00  5.52400000e-03  7.56088658e-01 
 5.54400000e-03  1.79999966e+00  5.54400000e-03  0.00000000e+00  5.54400000e-03  1.79999947e+00  5.54400000e-03  7.36898495e-01 
 5.56400000e-03  1.80000029e+00  5.56400000e-03  0.00000000e+00  5.56400000e-03  1.80000011e+00  5.56400000e-03  7.18195394e-01 
 5.58400000e-03  1.79999975e+00  5.58400000e-03  0.00000000e+00  5.58400000e-03  1.79999957e+00  5.58400000e-03  6.99966993e-01 
 5.60400000e-03  1.80000021e+00  5.60400000e-03  0.00000000e+00  5.60400000e-03  1.80000003e+00  5.60400000e-03  6.82201245e-01 
 5.62400000e-03  1.79999982e+00  5.62400000e-03  0.00000000e+00  5.62400000e-03  1.79999964e+00  5.62400000e-03  6.64886406e-01 
 5.64400000e-03  1.80000015e+00  5.64400000e-03  0.00000000e+00  5.64400000e-03  1.79999997e+00  5.64400000e-03  6.48011033e-01 
 5.66400000e-03  1.79999987e+00  5.66400000e-03  0.00000000e+00  5.66400000e-03  1.79999969e+00  5.66400000e-03  6.31563970e-01 
 5.68400000e-03  1.80000011e+00  5.68400000e-03  0.00000000e+00  5.68400000e-03  1.79999993e+00  5.68400000e-03  6.15534348e-01 
 5.70400000e-03  1.79999990e+00  5.70400000e-03  0.00000000e+00  5.70400000e-03  1.79999972e+00  5.70400000e-03  5.99911571e-01 
 5.72400000e-03  1.80000008e+00  5.72400000e-03  0.00000000e+00  5.72400000e-03  1.79999990e+00  5.72400000e-03  5.84685313e-01 
 5.74400000e-03  1.79999993e+00  5.74400000e-03  0.00000000e+00  5.74400000e-03  1.79999975e+00  5.74400000e-03  5.69845510e-01 
 5.76400000e-03  1.80000006e+00  5.76400000e-03  0.00000000e+00  5.76400000e-03  1.79999988e+00  5.76400000e-03  5.55382354e-01 
 5.78400000e-03  1.79999995e+00  5.78400000e-03  0.00000000e+00  5.78400000e-03  1.79999977e+00  5.78400000e-03  5.41286285e-01 
 5.80400000e-03  1.80000004e+00  5.80400000e-03  0.00000000e+00  5.80400000e-03  1.79999986e+00  5.80400000e-03  5.27547986e-01 
 5.82400000e-03  1.79999996e+00  5.82400000e-03  0.00000000e+00  5.82400000e-03  1.79999978e+00  5.82400000e-03  5.14158376e-01 
 5.84400000e-03  1.80000003e+00  5.84400000e-03  0.00000000e+00  5.84400000e-03  1.79999985e+00  5.84400000e-03  5.01108606e-01 
 5.86400000e-03  1.79999997e+00  5.86400000e-03  0.00000000e+00  5.86400000e-03  1.79999979e+00  5.86400000e-03  4.88390050e-01 
 5.88400000e-03  1.80000002e+00  5.88400000e-03  0.00000000e+00  5.88400000e-03  1.79999984e+00  5.88400000e-03  4.75994302e-01 
 5.90400000e-03  1.79999998e+00  5.90400000e-03  0.00000000e+00  5.90400000e-03  1.79999980e+00  5.90400000e-03  4.63913168e-01 
 5.92400000e-03  1.80000002e+00  5.92400000e-03  0.00000000e+00  5.92400000e-03  1.79999983e+00  5.92400000e-03  4.52138663e-01 
 5.94400000e-03  1.79999999e+00  5.94400000e-03  0.00000000e+00  5.94400000e-03  1.79999980e+00  5.94400000e-03  4.40663006e-01 
 5.96400000e-03  1.80000001e+00  5.96400000e-03  0.00000000e+00  5.96400000e-03  1.79999983e+00  5.96400000e-03  4.29478610e-01 
 5.98400000e-03  1.79999999e+00  5.98400000e-03  0.00000000e+00  5.98400000e-03  1.79999981e+00  5.98400000e-03  4.18578083e-01 
 6.00400000e-03  1.80000001e+00  6.00400000e-03  0.00000000e+00  6.00400000e-03  1.79999983e+00  6.00400000e-03  4.07954221e-01 
 6.02400000e-03  1.79999999e+00  6.02400000e-03  0.00000000e+00  6.02400000e-03  1.79999981e+00  6.02400000e-03  3.97600001e-01 
 6.04400000e-03  1.80000001e+00  6.04400000e-03  0.00000000e+00  6.04400000e-03  1.79999982e+00  6.04400000e-03  3.87508580e-01 
 6.06400000e-03  1.79999999e+00  6.06400000e-03  0.00000000e+00  6.06400000e-03  1.79999981e+00  6.06400000e-03  3.77673288e-01 
 6.08400000e-03  1.80000000e+00  6.08400000e-03  0.00000000e+00  6.08400000e-03  1.79999982e+00  6.08400000e-03  3.68087624e-01 
 6.10400000e-03  1.80000000e+00  6.10400000e-03  0.00000000e+00  6.10400000e-03  1.79999981e+00  6.10400000e-03  3.58745252e-01 
 6.12400000e-03  1.80000000e+00  6.12400000e-03  0.00000000e+00  6.12400000e-03  1.79999982e+00  6.12400000e-03  3.49639997e-01 
 6.14400000e-03  1.80000000e+00  6.14400000e-03  0.00000000e+00  6.14400000e-03  1.79999982e+00  6.14400000e-03  3.40765841e-01 
 6.16400000e-03  1.80000000e+00  6.16400000e-03  0.00000000e+00  6.16400000e-03  1.79999982e+00  6.16400000e-03  3.32116919e-01 
 6.18400000e-03  1.80000000e+00  6.18400000e-03  0.00000000e+00  6.18400000e-03  1.79999982e+00  6.18400000e-03  3.23687513e-01 
 6.20400000e-03  1.80000000e+00  6.20400000e-03  0.00000000e+00  6.20400000e-03  1.79999982e+00  6.20400000e-03  3.15472053e-01 
 6.22400000e-03  1.80000000e+00  6.22400000e-03  0.00000000e+00  6.22400000e-03  1.79999982e+00  6.22400000e-03  3.07465108e-01 
 6.24400000e-03  1.80000000e+00  6.24400000e-03  0.00000000e+00  6.24400000e-03  1.79999982e+00  6.24400000e-03  2.99661386e-01 
 6.26400000e-03  1.80000000e+00  6.26400000e-03  0.00000000e+00  6.26400000e-03  1.79999982e+00  6.26400000e-03  2.92055730e-01 
 6.28400000e-03  1.80000000e+00  6.28400000e-03  0.00000000e+00  6.28400000e-03  1.79999982e+00  6.28400000e-03  2.84643111e-01 
 6.30400000e-03  1.80000000e+00  6.30400000e-03  0.00000000e+00  6.30400000e-03  1.79999982e+00  6.30400000e-03  2.77418630e-01 
 6.32400000e-03  1.80000000e+00  6.32400000e-03  0.00000000e+00  6.32400000e-03  1.79999982e+00  6.32400000e-03  2.70377513e-01 
 6.34400000e-03  1.80000000e+00  6.34400000e-03  0.00000000e+00  6.34400000e-03  1.79999982e+00  6.34400000e-03  2.63515105e-01 
 6.36400000e-03  1.80000000e+00  6.36400000e-03  0.00000000e+00  6.36400000e-03  1.79999982e+00  6.36400000e-03  2.56826871e-01 
 6.38400000e-03  1.80000000e+00  6.38400000e-03  0.00000000e+00  6.38400000e-03  1.79999982e+00  6.38400000e-03  2.50308390e-01 
 6.40400000e-03  1.80000000e+00  6.40400000e-03  0.00000000e+00  6.40400000e-03  1.79999982e+00  6.40400000e-03  2.43955354e-01 
 6.42400000e-03  1.80000000e+00  6.42400000e-03  0.00000000e+00  6.42400000e-03  1.79999982e+00  6.42400000e-03  2.37763563e-01 
 6.44400000e-03  1.80000000e+00  6.44400000e-03  0.00000000e+00  6.44400000e-03  1.79999982e+00  6.44400000e-03  2.31728925e-01 
 6.46400000e-03  1.80000000e+00  6.46400000e-03  0.00000000e+00  6.46400000e-03  1.79999982e+00  6.46400000e-03  2.25847450e-01 
 6.48400000e-03  1.80000000e+00  6.48400000e-03  0.00000000e+00  6.48400000e-03  1.79999982e+00  6.48400000e-03  2.20115253e-01 
 6.50400000e-03  1.80000000e+00  6.50400000e-03  0.00000000e+00  6.50400000e-03  1.79999982e+00  6.50400000e-03  2.14528544e-01 
 6.52400000e-03  1.80000000e+00  6.52400000e-03  0.00000000e+00  6.52400000e-03  1.79999982e+00  6.52400000e-03  2.09083630e-01 
 6.54400000e-03  1.80000000e+00  6.54400000e-03  0.00000000e+00  6.54400000e-03  1.79999982e+00  6.54400000e-03  2.03776912e-01 
 6.56400000e-03  1.80000000e+00  6.56400000e-03  0.00000000e+00  6.56400000e-03  1.79999982e+00  6.56400000e-03  1.98604883e-01 
 6.58400000e-03  1.80000000e+00  6.58400000e-03  0.00000000e+00  6.58400000e-03  1.79999982e+00  6.58400000e-03  1.93564125e-01 
 6.60400000e-03  1.80000000e+00  6.60400000e-03  0.00000000e+00  6.60400000e-03  1.79999982e+00  6.60400000e-03  1.88651306e-01 
 6.62400000e-03  1.80000000e+00  6.62400000e-03  0.00000000e+00  6.62400000e-03  1.79999982e+00  6.62400000e-03  1.83863178e-01 
 6.64400000e-03  1.80000000e+00  6.64400000e-03  0.00000000e+00  6.64400000e-03  1.79999982e+00  6.64400000e-03  1.79196576e-01 
 6.66400000e-03  1.80000000e+00  6.66400000e-03  0.00000000e+00  6.66400000e-03  1.79999982e+00  6.66400000e-03  1.74648417e-01 
 6.68400000e-03  1.80000000e+00  6.68400000e-03  0.00000000e+00  6.68400000e-03  1.79999982e+00  6.68400000e-03  1.70215694e-01 
 6.70400000e-03  1.80000000e+00  6.70400000e-03  0.00000000e+00  6.70400000e-03  1.79999982e+00  6.70400000e-03  1.65895477e-01 
 6.72400000e-03  1.80000000e+00  6.72400000e-03  0.00000000e+00  6.72400000e-03  1.79999982e+00  6.72400000e-03  1.61684911e-01 
 6.74400000e-03  1.80000000e+00  6.74400000e-03  0.00000000e+00  6.74400000e-03  1.79999982e+00  6.74400000e-03  1.57581213e-01 
 6.76400000e-03  1.80000000e+00  6.76400000e-03  0.00000000e+00  6.76400000e-03  1.79999982e+00  6.76400000e-03  1.53581670e-01 
 6.78400000e-03  1.80000000e+00  6.78400000e-03  0.00000000e+00  6.78400000e-03  1.79999982e+00  6.78400000e-03  1.49683638e-01 
 6.80400000e-03  1.80000000e+00  6.80400000e-03  0.00000000e+00  6.80400000e-03  1.79999982e+00  6.80400000e-03  1.45884542e-01 
 6.82400000e-03  1.80000000e+00  6.82400000e-03  0.00000000e+00  6.82400000e-03  1.79999982e+00  6.82400000e-03  1.42181870e-01 
 6.84400000e-03  1.80000000e+00  6.84400000e-03  0.00000000e+00  6.84400000e-03  1.79999982e+00  6.84400000e-03  1.38573175e-01 
 6.86400000e-03  1.80000000e+00  6.86400000e-03  0.00000000e+00  6.86400000e-03  1.79999982e+00  6.86400000e-03  1.35056072e-01 
 6.88400000e-03  1.80000000e+00  6.88400000e-03  0.00000000e+00  6.88400000e-03  1.79999982e+00  6.88400000e-03  1.31628236e-01 
 6.90400000e-03  1.80000000e+00  6.90400000e-03  0.00000000e+00  6.90400000e-03  1.79999982e+00  6.90400000e-03  1.28287401e-01 
 6.92400000e-03  1.80000000e+00  6.92400000e-03  0.00000000e+00  6.92400000e-03  1.79999982e+00  6.92400000e-03  1.25031360e-01 
 6.94400000e-03  1.80000000e+00  6.94400000e-03  0.00000000e+00  6.94400000e-03  1.79999982e+00  6.94400000e-03  1.21857959e-01 
 6.96400000e-03  1.80000000e+00  6.96400000e-03  0.00000000e+00  6.96400000e-03  1.79999982e+00  6.96400000e-03  1.18765102e-01 
 6.98400000e-03  1.80000000e+00  6.98400000e-03  0.00000000e+00  6.98400000e-03  1.79999982e+00  6.98400000e-03  1.15750744e-01 
 7.00400000e-03  1.80000000e+00  7.00400000e-03  0.00000000e+00  7.00400000e-03  1.79999982e+00  7.00400000e-03  1.12812893e-01 
 7.02400000e-03  1.80000000e+00  7.02400000e-03  0.00000000e+00  7.02400000e-03  1.79999982e+00  7.02400000e-03  1.09949608e-01 
 7.04400000e-03  1.80000000e+00  7.04400000e-03  0.00000000e+00  7.04400000e-03  1.79999982e+00  7.04400000e-03  1.07158995e-01 
 7.06400000e-03  1.80000000e+00  7.06400000e-03  0.00000000e+00  7.06400000e-03  1.79999982e+00  7.06400000e-03  1.04439210e-01 
 7.08400000e-03  1.80000000e+00  7.08400000e-03  0.00000000e+00  7.08400000e-03  1.79999982e+00  7.08400000e-03  1.01788455e-01 
 7.10400000e-03  1.80000000e+00  7.10400000e-03  0.00000000e+00  7.10400000e-03  1.79999982e+00  7.10400000e-03  9.92049789e-02 
 7.12400000e-03  1.80000000e+00  7.12400000e-03  0.00000000e+00  7.12400000e-03  1.79999982e+00  7.12400000e-03  9.66870735e-02 
 7.14400000e-03  1.80000000e+00  7.14400000e-03  0.00000000e+00  7.14400000e-03  1.79999982e+00  7.14400000e-03  9.42330746e-02 
 7.16400000e-03  1.80000000e+00  7.16400000e-03  0.00000000e+00  7.16400000e-03  1.79999982e+00  7.16400000e-03  9.18413603e-02 
 7.18400000e-03  1.80000000e+00  7.18400000e-03  0.00000000e+00  7.18400000e-03  1.79999982e+00  7.18400000e-03  8.95103497e-02 
 7.20400000e-03  1.80000000e+00  7.20400000e-03  0.00000000e+00  7.20400000e-03  1.79999982e+00  7.20400000e-03  8.72385021e-02 
 7.22400000e-03  1.80000000e+00  7.22400000e-03  0.00000000e+00  7.22400000e-03  1.79999982e+00  7.22400000e-03  8.50243159e-02 
 7.24400000e-03  1.80000000e+00  7.24400000e-03  0.00000000e+00  7.24400000e-03  1.79999982e+00  7.24400000e-03  8.28663276e-02 
 7.26400000e-03  1.80000000e+00  7.26400000e-03  0.00000000e+00  7.26400000e-03  1.79999982e+00  7.26400000e-03  8.07631108e-02 
 7.28400000e-03  1.80000000e+00  7.28400000e-03  0.00000000e+00  7.28400000e-03  1.79999982e+00  7.28400000e-03  7.87132754e-02 
 7.30400000e-03  1.80000000e+00  7.30400000e-03  0.00000000e+00  7.30400000e-03  1.79999982e+00  7.30400000e-03  7.67154666e-02 
 7.32400000e-03  1.80000000e+00  7.32400000e-03  0.00000000e+00  7.32400000e-03  1.79999982e+00  7.32400000e-03  7.47683638e-02 
 7.34400000e-03  1.80000000e+00  7.34400000e-03  0.00000000e+00  7.34400000e-03  1.79999982e+00  7.34400000e-03  7.28706802e-02 
 7.36400000e-03  1.80000000e+00  7.36400000e-03  0.00000000e+00  7.36400000e-03  1.79999982e+00  7.36400000e-03  7.10211613e-02 
 7.38400000e-03  1.80000000e+00  7.38400000e-03  0.00000000e+00  7.38400000e-03  1.79999982e+00  7.38400000e-03  6.92185848e-02 
 7.40400000e-03  1.80000000e+00  7.40400000e-03  0.00000000e+00  7.40400000e-03  1.79999982e+00  7.40400000e-03  6.74617591e-02 
 7.42400000e-03  1.80000000e+00  7.42400000e-03  0.00000000e+00  7.42400000e-03  1.79999982e+00  7.42400000e-03  6.57495232e-02 
 7.44400000e-03  1.80000000e+00  7.44400000e-03  0.00000000e+00  7.44400000e-03  1.79999982e+00  7.44400000e-03  6.40807453e-02 
 7.46400000e-03  1.80000000e+00  7.46400000e-03  0.00000000e+00  7.46400000e-03  1.79999982e+00  7.46400000e-03  6.24543223e-02 
 7.48400000e-03  1.80000000e+00  7.48400000e-03  0.00000000e+00  7.48400000e-03  1.79999982e+00  7.48400000e-03  6.08691793e-02 
 7.50400000e-03  1.80000000e+00  7.50400000e-03  0.00000000e+00  7.50400000e-03  1.79999982e+00  7.50400000e-03  5.93242686e-02 
 7.52400000e-03  1.80000000e+00  7.52400000e-03  0.00000000e+00  7.52400000e-03  1.79999982e+00  7.52400000e-03  5.78185690e-02 
 7.54400000e-03  1.80000000e+00  7.54400000e-03  0.00000000e+00  7.54400000e-03  1.79999982e+00  7.54400000e-03  5.63510853e-02 
 7.56400000e-03  1.80000000e+00  7.56400000e-03  0.00000000e+00  7.56400000e-03  1.79999982e+00  7.56400000e-03  5.49208476e-02 
 7.58400000e-03  1.80000000e+00  7.58400000e-03  0.00000000e+00  7.58400000e-03  1.79999982e+00  7.58400000e-03  5.35269105e-02 
 7.60400000e-03  1.80000000e+00  7.60400000e-03  0.00000000e+00  7.60400000e-03  1.79999982e+00  7.60400000e-03  5.21683527e-02 
 7.62400000e-03  1.80000000e+00  7.62400000e-03  0.00000000e+00  7.62400000e-03  1.79999982e+00  7.62400000e-03  5.08442762e-02 
 7.64400000e-03  1.80000000e+00  7.64400000e-03  0.00000000e+00  7.64400000e-03  1.79999982e+00  7.64400000e-03  4.95538059e-02 
 7.66400000e-03  1.80000000e+00  7.66400000e-03  0.00000000e+00  7.66400000e-03  1.79999982e+00  7.66400000e-03  4.82960889e-02 
 7.68400000e-03  1.80000000e+00  7.68400000e-03  0.00000000e+00  7.68400000e-03  1.79999982e+00  7.68400000e-03  4.70702937e-02 
 7.70400000e-03  1.80000000e+00  7.70400000e-03  0.00000000e+00  7.70400000e-03  1.79999982e+00  7.70400000e-03  4.58756102e-02 
 7.72400000e-03  1.80000000e+00  7.72400000e-03  0.00000000e+00  7.72400000e-03  1.79999982e+00  7.72400000e-03  4.47112488e-02 
 7.74400000e-03  1.80000000e+00  7.74400000e-03  0.00000000e+00  7.74400000e-03  1.79999982e+00  7.74400000e-03  4.35764399e-02 
 7.76400000e-03  1.80000000e+00  7.76400000e-03  0.00000000e+00  7.76400000e-03  1.79999982e+00  7.76400000e-03  4.24704334e-02 
 7.78400000e-03  1.80000000e+00  7.78400000e-03  0.00000000e+00  7.78400000e-03  1.79999982e+00  7.78400000e-03  4.13924982e-02 
 7.80400000e-03  1.80000000e+00  7.80400000e-03  0.00000000e+00  7.80400000e-03  1.79999982e+00  7.80400000e-03  4.03419220e-02 
 7.82400000e-03  1.80000000e+00  7.82400000e-03  0.00000000e+00  7.82400000e-03  1.79999982e+00  7.82400000e-03  3.93180102e-02 
 7.84400000e-03  1.80000000e+00  7.84400000e-03  0.00000000e+00  7.84400000e-03  1.79999982e+00  7.84400000e-03  3.83200862e-02 
 7.86400000e-03  1.80000000e+00  7.86400000e-03  0.00000000e+00  7.86400000e-03  1.79999982e+00  7.86400000e-03  3.73474903e-02 
 7.88400000e-03  1.80000000e+00  7.88400000e-03  0.00000000e+00  7.88400000e-03  1.79999982e+00  7.88400000e-03  3.63995798e-02 
 7.90400000e-03  1.80000000e+00  7.90400000e-03  0.00000000e+00  7.90400000e-03  1.79999982e+00  7.90400000e-03  3.54757280e-02 
 7.92400000e-03  1.80000000e+00  7.92400000e-03  0.00000000e+00  7.92400000e-03  1.79999982e+00  7.92400000e-03  3.45753243e-02 
 7.94400000e-03  1.80000000e+00  7.94400000e-03  0.00000000e+00  7.94400000e-03  1.79999982e+00  7.94400000e-03  3.36977736e-02 
 7.96400000e-03  1.80000000e+00  7.96400000e-03  0.00000000e+00  7.96400000e-03  1.79999982e+00  7.96400000e-03  3.28424959e-02 
 7.98400000e-03  1.80000000e+00  7.98400000e-03  0.00000000e+00  7.98400000e-03  1.79999982e+00  7.98400000e-03  3.20089259e-02 
 8.00400000e-03  1.80000000e+00  8.00400000e-03  0.00000000e+00  8.00400000e-03  1.79999982e+00  8.00400000e-03  3.11965125e-02 
 8.02400000e-03  1.80000000e+00  8.02400000e-03  0.00000000e+00  8.02400000e-03  1.79999982e+00  8.02400000e-03  3.04047189e-02 
 8.04400000e-03  1.80000000e+00  8.04400000e-03  0.00000000e+00  8.04400000e-03  1.79999982e+00  8.04400000e-03  2.96330217e-02 
 8.06400000e-03  1.80000000e+00  8.06400000e-03  0.00000000e+00  8.06400000e-03  1.79999982e+00  8.06400000e-03  2.88809108e-02 
 8.08400000e-03  1.80000000e+00  8.08400000e-03  0.00000000e+00  8.08400000e-03  1.79999982e+00  8.08400000e-03  2.81478891e-02 
 8.10400000e-03  1.80000000e+00  8.10400000e-03  0.00000000e+00  8.10400000e-03  1.79999982e+00  8.10400000e-03  2.74334721e-02 
 8.12400000e-03  1.80000000e+00  8.12400000e-03  0.00000000e+00  8.12400000e-03  1.79999982e+00  8.12400000e-03  2.67371877e-02 
 8.14400000e-03  1.80000000e+00  8.14400000e-03  0.00000000e+00  8.14400000e-03  1.79999982e+00  8.14400000e-03  2.60585755e-02 
 8.16400000e-03  1.80000000e+00  8.16400000e-03  0.00000000e+00  8.16400000e-03  1.79999982e+00  8.16400000e-03  2.53971870e-02 
 8.18400000e-03  1.80000000e+00  8.18400000e-03  0.00000000e+00  8.18400000e-03  1.79999982e+00  8.18400000e-03  2.47525851e-02 
 8.20400000e-03  1.80000000e+00  8.20400000e-03  0.00000000e+00  8.20400000e-03  1.79999982e+00  8.20400000e-03  2.41243438e-02 
 8.22400000e-03  1.80000000e+00  8.22400000e-03  0.00000000e+00  8.22400000e-03  1.79999982e+00  8.22400000e-03  2.35120478e-02 
 8.24400000e-03  1.80000000e+00  8.24400000e-03  0.00000000e+00  8.24400000e-03  1.79999982e+00  8.24400000e-03  2.29152923e-02 
 8.26400000e-03  1.80000000e+00  8.26400000e-03  0.00000000e+00  8.26400000e-03  1.79999982e+00  8.26400000e-03  2.23336830e-02 
 8.28400000e-03  1.80000000e+00  8.28400000e-03  0.00000000e+00  8.28400000e-03  1.79999982e+00  8.28400000e-03  2.17668354e-02 
 8.30400000e-03  1.80000000e+00  8.30400000e-03  0.00000000e+00  8.30400000e-03  1.79999982e+00  8.30400000e-03  2.12143749e-02 
 8.32400000e-03  1.80000000e+00  8.32400000e-03  0.00000000e+00  8.32400000e-03  1.79999982e+00  8.32400000e-03  2.06759363e-02 
 8.34400000e-03  1.80000000e+00  8.34400000e-03  0.00000000e+00  8.34400000e-03  1.79999982e+00  8.34400000e-03  2.01511638e-02 
 8.36400000e-03  1.80000000e+00  8.36400000e-03  0.00000000e+00  8.36400000e-03  1.79999982e+00  8.36400000e-03  1.96397104e-02 
 8.38400000e-03  1.80000000e+00  8.38400000e-03  0.00000000e+00  8.38400000e-03  1.79999982e+00  8.38400000e-03  1.91412381e-02 
 8.40400000e-03  1.80000000e+00  8.40400000e-03  0.00000000e+00  8.40400000e-03  1.79999982e+00  8.40400000e-03  1.86554174e-02 
 8.42400000e-03  1.80000000e+00  8.42400000e-03  0.00000000e+00  8.42400000e-03  1.79999982e+00  8.42400000e-03  1.81819273e-02 
 8.44400000e-03  1.80000000e+00  8.44400000e-03  0.00000000e+00  8.44400000e-03  1.79999982e+00  8.44400000e-03  1.77204548e-02 
 8.46400000e-03  1.80000000e+00  8.46400000e-03  0.00000000e+00  8.46400000e-03  1.79999982e+00  8.46400000e-03  1.72706948e-02 
 8.48400000e-03  1.80000000e+00  8.48400000e-03  0.00000000e+00  8.48400000e-03  1.79999982e+00  8.48400000e-03  1.68323501e-02 
 8.50400000e-03  1.80000000e+00  8.50400000e-03  0.00000000e+00  8.50400000e-03  1.79999982e+00  8.50400000e-03  1.64051310e-02 
 8.52400000e-03  1.80000000e+00  8.52400000e-03  0.00000000e+00  8.52400000e-03  1.79999982e+00  8.52400000e-03  1.59887550e-02 
 8.54400000e-03  1.80000000e+00  8.54400000e-03  0.00000000e+00  8.54400000e-03  1.79999982e+00  8.54400000e-03  1.55829470e-02 
 8.56400000e-03  1.80000000e+00  8.56400000e-03  0.00000000e+00  8.56400000e-03  1.79999982e+00  8.56400000e-03  1.51874388e-02 
 8.58400000e-03  1.80000000e+00  8.58400000e-03  0.00000000e+00  8.58400000e-03  1.79999982e+00  8.58400000e-03  1.48019689e-02 
 8.60400000e-03  1.80000000e+00  8.60400000e-03  0.00000000e+00  8.60400000e-03  1.79999982e+00  8.60400000e-03  1.44262825e-02 
 8.62400000e-03  1.80000000e+00  8.62400000e-03  0.00000000e+00  8.62400000e-03  1.79999982e+00  8.62400000e-03  1.40601314e-02 
 8.64400000e-03  1.80000000e+00  8.64400000e-03  0.00000000e+00  8.64400000e-03  1.79999982e+00  8.64400000e-03  1.37032735e-02 
 8.66400000e-03  1.80000000e+00  8.66400000e-03  0.00000000e+00  8.66400000e-03  1.79999982e+00  8.66400000e-03  1.33554730e-02 
 8.68400000e-03  1.80000000e+00  8.68400000e-03  0.00000000e+00  8.68400000e-03  1.79999982e+00  8.68400000e-03  1.30164999e-02 
 8.70400000e-03  1.80000000e+00  8.70400000e-03  0.00000000e+00  8.70400000e-03  1.79999982e+00  8.70400000e-03  1.26861302e-02 
 8.72400000e-03  1.80000000e+00  8.72400000e-03  0.00000000e+00  8.72400000e-03  1.79999982e+00  8.72400000e-03  1.23641456e-02 
 8.74400000e-03  1.80000000e+00  8.74400000e-03  0.00000000e+00  8.74400000e-03  1.79999982e+00  8.74400000e-03  1.20503332e-02 
 8.76400000e-03  1.80000000e+00  8.76400000e-03  0.00000000e+00  8.76400000e-03  1.79999982e+00  8.76400000e-03  1.17444857e-02 
 8.78400000e-03  1.80000000e+00  8.78400000e-03  0.00000000e+00  8.78400000e-03  1.79999982e+00  8.78400000e-03  1.14464008e-02 
 8.80400000e-03  1.80000000e+00  8.80400000e-03  0.00000000e+00  8.80400000e-03  1.79999982e+00  8.80400000e-03  1.11558816e-02 
 8.82400000e-03  1.80000000e+00  8.82400000e-03  0.00000000e+00  8.82400000e-03  1.79999982e+00  8.82400000e-03  1.08727360e-02 
 8.84400000e-03  1.80000000e+00  8.84400000e-03  0.00000000e+00  8.84400000e-03  1.79999982e+00  8.84400000e-03  1.05967768e-02 
 8.86400000e-03  1.80000000e+00  8.86400000e-03  0.00000000e+00  8.86400000e-03  1.79999982e+00  8.86400000e-03  1.03278218e-02 
 8.88400000e-03  1.80000000e+00  8.88400000e-03  0.00000000e+00  8.88400000e-03  1.79999982e+00  8.88400000e-03  1.00656930e-02 
 8.90400000e-03  1.80000000e+00  8.90400000e-03  0.00000000e+00  8.90400000e-03  1.79999982e+00  8.90400000e-03  9.81021730e-03 
 8.92400000e-03  1.80000000e+00  8.92400000e-03  0.00000000e+00  8.92400000e-03  1.79999982e+00  8.92400000e-03  9.56122578e-03 
 8.94400000e-03  1.80000000e+00  8.94400000e-03  0.00000000e+00  8.94400000e-03  1.79999982e+00  8.94400000e-03  9.31855387e-03 
 8.96400000e-03  1.80000000e+00  8.96400000e-03  0.00000000e+00  8.96400000e-03  1.79999982e+00  8.96400000e-03  9.08204117e-03 
 8.98400000e-03  1.80000000e+00  8.98400000e-03  0.00000000e+00  8.98400000e-03  1.79999982e+00  8.98400000e-03  8.85153137e-03 
 9.00000000e-03  1.80000000e+00  9.00000000e-03  0.00000000e+00  9.00000000e-03  1.79999982e+00  9.00000000e-03  8.67134662e-03 
 9.00200000e-03  1.80000000e+00  9.00200000e-03  3.30000000e-01  9.00200000e-03  1.79999982e+00  9.00200000e-03  8.64911229e-03 
 9.00600000e-03  1.80000000e+00  9.00600000e-03  9.90000000e-01  9.00600000e-03  1.79999982e+00  9.00600000e-03  8.60475764e-03 
 9.01019616e-03  1.79583919e+00  9.01019616e-03  1.68236590e+00  9.01019616e-03  6.59098268e-04  9.01019616e-03  1.53896706e-02 
 9.01417289e-03  1.79359090e+00  9.01417289e-03  2.33852720e+00  9.01417289e-03  3.35036240e-04  9.01417289e-03  2.82382772e-02 
 9.02000000e-03  1.79465116e+00  9.02000000e-03  3.30000000e+00  9.02000000e-03  1.96109919e-04  9.02000000e-03  4.69344942e-02 
 9.02079535e-03  1.79445729e+00  9.02079535e-03  3.30000000e+00  9.02079535e-03  1.95089493e-04  9.02079535e-03  4.94761464e-02 
 9.02238604e-03  1.79426388e+00  9.02238604e-03  3.30000000e+00  9.02238604e-03  1.96092120e-04  9.02238604e-03  5.45533405e-02 
 9.02556743e-03  1.79426447e+00  9.02556743e-03  3.30000000e+00  9.02556743e-03  1.96092186e-04  9.02556743e-03  6.46748186e-02 
 9.03193021e-03  1.79426423e+00  9.03193021e-03  3.30000000e+00  9.03193021e-03  1.96092161e-04  9.03193021e-03  8.47941210e-02 
 9.04465576e-03  1.79426439e+00  9.04465576e-03  3.30000000e+00  9.04465576e-03  1.96092178e-04  9.04465576e-03  1.24543098e-01 
 9.06465576e-03  1.79426426e+00  9.06465576e-03  3.30000000e+00  9.06465576e-03  1.96092164e-04  9.06465576e-03  1.85717004e-01 
 9.08465576e-03  1.79426437e+00  9.08465576e-03  3.30000000e+00  9.08465576e-03  1.96092176e-04  9.08465576e-03  2.45338265e-01 
 9.10465576e-03  1.79426428e+00  9.10465576e-03  3.30000000e+00  9.10465576e-03  1.96092166e-04  9.10465576e-03  3.03446289e-01 
 9.12465576e-03  1.79426436e+00  9.12465576e-03  3.30000000e+00  9.12465576e-03  1.96092175e-04  9.12465576e-03  3.60079482e-01 
 9.14465576e-03  1.79426429e+00  9.14465576e-03  3.30000000e+00  9.14465576e-03  1.96092167e-04  9.14465576e-03  4.15275277e-01 
 9.16465576e-03  1.79426435e+00  9.16465576e-03  3.30000000e+00  9.16465576e-03  1.96092173e-04  9.16465576e-03  4.69070157e-01 
 9.18465576e-03  1.79426430e+00  9.18465576e-03  3.30000000e+00  9.18465576e-03  1.96092168e-04  9.18465576e-03  5.21499678e-01 
 9.20465576e-03  1.79426434e+00  9.20465576e-03  3.30000000e+00  9.20465576e-03  1.96092173e-04  9.20465576e-03  5.72598494e-01 
 9.22465576e-03  1.79426431e+00  9.22465576e-03  3.30000000e+00  9.22465576e-03  1.96092169e-04  9.22465576e-03  6.22400379e-01 
 9.24465576e-03  1.79426434e+00  9.24465576e-03  3.30000000e+00  9.24465576e-03  1.96092172e-04  9.24465576e-03  6.70938250e-01 
 9.26465576e-03  1.79426591e+00  9.26465576e-03  3.30000000e+00  9.26465576e-03  1.96092344e-04  9.26465576e-03  7.18234508e-01 
 9.28465576e-03  1.79428317e+00  9.28465576e-03  3.30000000e+00  9.28465576e-03  1.96094231e-04  9.28465576e-03  7.64217633e-01 
 9.30465576e-03  1.79431960e+00  9.30465576e-03  3.30000000e+00  9.30465576e-03  1.96098212e-04  9.30465576e-03  8.08723891e-01 
 9.32465576e-03  1.79437200e+00  9.32465576e-03  3.30000000e+00  9.32465576e-03  1.96103939e-04  9.32465576e-03  8.51595051e-01 
 9.34465576e-03  1.79443909e+00  9.34465576e-03  3.30000000e+00  9.34465576e-03  1.96111271e-04  9.34465576e-03  8.92701215e-01 
 9.36465576e-03  1.79451777e+00  9.36465576e-03  3.30000000e+00  9.36465576e-03  1.96119871e-04  9.36465576e-03  9.31941161e-01 
 9.38465576e-03  1.79460645e+00  9.38465576e-03  3.30000000e+00  9.38465576e-03  1.96129563e-04  9.38465576e-03  9.69241808e-01 
 9.40465576e-03  1.79470236e+00  9.40465576e-03  3.30000000e+00  9.40465576e-03  1.96140045e-04  9.40465576e-03  1.00455697e+00 
 9.42465576e-03  1.79480393e+00  9.42465576e-03  3.30000000e+00  9.42465576e-03  1.96151146e-04  9.42465576e-03  1.03786547e+00 
 9.44465576e-03  1.79490883e+00  9.44465576e-03  3.30000000e+00  9.44465576e-03  1.96162610e-04  9.44465576e-03  1.06916889e+00 
 9.46465576e-03  1.79501570e+00  9.46465576e-03  3.30000000e+00  9.46465576e-03  1.96174291e-04  9.46465576e-03  1.09848891e+00 
 9.48465576e-03  1.79512275e+00  9.48465576e-03  3.30000000e+00  9.48465576e-03  1.96185991e-04  9.48465576e-03  1.12586462e+00 
 9.50465576e-03  1.79522895e+00  9.50465576e-03  3.30000000e+00  9.50465576e-03  1.96197597e-04  9.50465576e-03  1.15134966e+00 
 9.52465576e-03  1.79533298e+00  9.52465576e-03  3.30000000e+00  9.52465576e-03  1.96208967e-04  9.52465576e-03  1.17500955e+00 
 9.54465576e-03  1.79543416e+00  9.54465576e-03  3.30000000e+00  9.54465576e-03  1.96220025e-04  9.54465576e-03  1.19691903e+00 
 9.56465576e-03  1.79553163e+00  9.56465576e-03  3.30000000e+00  9.56465576e-03  1.96230678e-04  9.56465576e-03  1.21715975e+00 
 9.58465576e-03  1.79562500e+00  9.58465576e-03  3.30000000e+00  9.58465576e-03  1.96240883e-04  9.58465576e-03  1.23581801e+00 
 9.60465576e-03  1.79571378e+00  9.60465576e-03  3.30000000e+00  9.60465576e-03  1.96250586e-04  9.60465576e-03  1.25298297e+00 
 9.62465576e-03  1.79579782e+00  9.62465576e-03  3.30000000e+00  9.62465576e-03  1.96259771e-04  9.62465576e-03  1.26874492e+00 
 9.64465576e-03  1.79587690e+00  9.64465576e-03  3.30000000e+00  9.64465576e-03  1.96268414e-04  9.64465576e-03  1.28319393e+00 
 9.66465576e-03  1.79595107e+00  9.66465576e-03  3.30000000e+00  9.66465576e-03  1.96276520e-04  9.66465576e-03  1.29641874e+00 
 9.68465576e-03  1.79602028e+00  9.68465576e-03  3.30000000e+00  9.68465576e-03  1.96284085e-04  9.68465576e-03  1.30850578e+00 
 9.70465576e-03  1.79608470e+00  9.70465576e-03  3.30000000e+00  9.70465576e-03  1.96291125e-04  9.70465576e-03  1.31953855e+00 
 9.72465576e-03  1.79614443e+00  9.72465576e-03  3.30000000e+00  9.72465576e-03  1.96297653e-04  9.72465576e-03  1.32959700e+00 
 9.74465576e-03  1.79619967e+00  9.74465576e-03  3.30000000e+00  9.74465576e-03  1.96303691e-04  9.74465576e-03  1.33875723e+00 
 9.76465576e-03  1.79625062e+00  9.76465576e-03  3.30000000e+00  9.76465576e-03  1.96309259e-04  9.76465576e-03  1.34709118e+00 
 9.78465576e-03  1.79629751e+00  9.78465576e-03  3.30000000e+00  9.78465576e-03  1.96314384e-04  9.78465576e-03  1.35466658e+00 
 9.80465576e-03  1.79634057e+00  9.80465576e-03  3.30000000e+00  9.80465576e-03  1.96319090e-04  9.80465576e-03  1.36154683e+00 
 9.82465576e-03  1.79638004e+00  9.82465576e-03  3.30000000e+00  9.82465576e-03  1.96323404e-04  9.82465576e-03  1.36779107e+00 
 9.84465576e-03  1.79641616e+00  9.84465576e-03  3.30000000e+00  9.84465576e-03  1.96327351e-04  9.84465576e-03  1.37345428e+00 
 9.86465576e-03  1.79644917e+00  9.86465576e-03  3.30000000e+00  9.86465576e-03  1.96330959e-04  9.86465576e-03  1.37858738e+00 
 9.88465576e-03  1.79647928e+00  9.88465576e-03  3.30000000e+00  9.88465576e-03  1.96334250e-04  9.88465576e-03  1.38323741e+00 
 9.90465576e-03  1.79650673e+00  9.90465576e-03  3.30000000e+00  9.90465576e-03  1.96337250e-04  9.90465576e-03  1.38744771e+00 
 9.92465576e-03  1.79653171e+00  9.92465576e-03  3.30000000e+00  9.92465576e-03  1.96339980e-04  9.92465576e-03  1.39125814e+00 
 9.94465576e-03  1.79655444e+00  9.94465576e-03  3.30000000e+00  9.94465576e-03  1.96342464e-04  9.94465576e-03  1.39470524e+00 
 9.96465576e-03  1.79657508e+00  9.96465576e-03  3.30000000e+00  9.96465576e-03  1.96344720e-04  9.96465576e-03  1.39782251e+00 
 9.98465576e-03  1.79659383e+00  9.98465576e-03  3.30000000e+00  9.98465576e-03  1.96346769e-04  9.98465576e-03  1.40064055e+00 
 1.00046558e-02  1.79661083e+00  1.00046558e-02  3.30000000e+00  1.00046558e-02  1.96348627e-04  1.00046558e-02  1.40318730e+00 
 1.00246558e-02  1.79662625e+00  1.00246558e-02  3.30000000e+00  1.00246558e-02  1.96350312e-04  1.00246558e-02  1.40548826e+00 
 1.00446558e-02  1.79664021e+00  1.00446558e-02  3.30000000e+00  1.00446558e-02  1.96351839e-04  1.00446558e-02  1.40756662e+00 
 1.00646558e-02  1.79665287e+00  1.00646558e-02  3.30000000e+00  1.00646558e-02  1.96353221e-04  1.00646558e-02  1.40944350e+00 
 1.00846558e-02  1.79666431e+00  1.00846558e-02  3.30000000e+00  1.00846558e-02  1.96354473e-04  1.00846558e-02  1.41113809e+00 
 1.01046558e-02  1.79667468e+00  1.01046558e-02  3.30000000e+00  1.01046558e-02  1.96355605e-04  1.01046558e-02  1.41266781e+00 
 1.01246558e-02  1.79668404e+00  1.01246558e-02  3.30000000e+00  1.01246558e-02  1.96356629e-04  1.01246558e-02  1.41404847e+00 
 1.01446558e-02  1.79669252e+00  1.01446558e-02  3.30000000e+00  1.01446558e-02  1.96357555e-04  1.01446558e-02  1.41529441e+00 
 1.01646558e-02  1.79670017e+00  1.01646558e-02  3.30000000e+00  1.01646558e-02  1.96358392e-04  1.01646558e-02  1.41641863e+00 
 1.01846558e-02  1.79670709e+00  1.01846558e-02  3.30000000e+00  1.01846558e-02  1.96359148e-04  1.01846558e-02  1.41743289e+00 
 1.02046558e-02  1.79671334e+00  1.02046558e-02  3.30000000e+00  1.02046558e-02  1.96359831e-04  1.02046558e-02  1.41834785e+00 
 1.02246558e-02  1.79671898e+00  1.02246558e-02  3.30000000e+00  1.02246558e-02  1.96360447e-04  1.02246558e-02  1.41917315e+00 
 1.02446558e-02  1.79672408e+00  1.02446558e-02  3.30000000e+00  1.02446558e-02  1.96361004e-04  1.02446558e-02  1.41991751e+00 
 1.02646558e-02  1.79672868e+00  1.02646558e-02  3.30000000e+00  1.02646558e-02  1.96361507e-04  1.02646558e-02  1.42058881e+00 
 1.02846558e-02  1.79673283e+00  1.02846558e-02  3.30000000e+00  1.02846558e-02  1.96361961e-04  1.02846558e-02  1.42119418e+00 
 1.03046558e-02  1.79673657e+00  1.03046558e-02  3.30000000e+00  1.03046558e-02  1.96362370e-04  1.03046558e-02  1.42174006e+00 
 1.03246558e-02  1.79673996e+00  1.03246558e-02  3.30000000e+00  1.03246558e-02  1.96362740e-04  1.03246558e-02  1.42223226e+00 
 1.03446558e-02  1.79674301e+00  1.03446558e-02  3.30000000e+00  1.03446558e-02  1.96363073e-04  1.03446558e-02  1.42267605e+00 
 1.03646558e-02  1.79674576e+00  1.03646558e-02  3.30000000e+00  1.03646558e-02  1.96363374e-04  1.03646558e-02  1.42307615e+00 
 1.03846558e-02  1.79674824e+00  1.03846558e-02  3.30000000e+00  1.03846558e-02  1.96363645e-04  1.03846558e-02  1.42343687e+00 
 1.04046558e-02  1.79675048e+00  1.04046558e-02  3.30000000e+00  1.04046558e-02  1.96363890e-04  1.04046558e-02  1.42376206e+00 
 1.04246558e-02  1.79675250e+00  1.04246558e-02  3.30000000e+00  1.04246558e-02  1.96364111e-04  1.04246558e-02  1.42405521e+00 
 1.04446558e-02  1.79675432e+00  1.04446558e-02  3.30000000e+00  1.04446558e-02  1.96364309e-04  1.04446558e-02  1.42431947e+00 
 1.04646558e-02  1.79675596e+00  1.04646558e-02  3.30000000e+00  1.04646558e-02  1.96364489e-04  1.04646558e-02  1.42455767e+00 
 1.04846558e-02  1.79675744e+00  1.04846558e-02  3.30000000e+00  1.04846558e-02  1.96364651e-04  1.04846558e-02  1.42477240e+00 
 1.05046558e-02  1.79675877e+00  1.05046558e-02  3.30000000e+00  1.05046558e-02  1.96364797e-04  1.05046558e-02  1.42496594e+00 
 1.05246558e-02  1.79675998e+00  1.05246558e-02  3.30000000e+00  1.05246558e-02  1.96364928e-04  1.05246558e-02  1.42514040e+00 
 1.05446558e-02  1.79676106e+00  1.05446558e-02  3.30000000e+00  1.05446558e-02  1.96365047e-04  1.05446558e-02  1.42529764e+00 
 1.05646558e-02  1.79676204e+00  1.05646558e-02  3.30000000e+00  1.05646558e-02  1.96365154e-04  1.05646558e-02  1.42543937e+00 
 1.05846558e-02  1.79676292e+00  1.05846558e-02  3.30000000e+00  1.05846558e-02  1.96365250e-04  1.05846558e-02  1.42556711e+00 
 1.06046558e-02  1.79676372e+00  1.06046558e-02  3.30000000e+00  1.06046558e-02  1.96365337e-04  1.06046558e-02  1.42568224e+00 
 1.06246558e-02  1.79676443e+00  1.06246558e-02  3.30000000e+00  1.06246558e-02  1.96365415e-04  1.06246558e-02  1.42578601e+00 
 1.06446558e-02  1.79676508e+00  1.06446558e-02  3.30000000e+00  1.06446558e-02  1.96365486e-04  1.06446558e-02  1.42587953e+00 
 1.06646558e-02  1.79676566e+00  1.06646558e-02  3.30000000e+00  1.06646558e-02  1.96365549e-04  1.06646558e-02  1.42596382e+00 
 1.06846558e-02  1.79676619e+00  1.06846558e-02  3.30000000e+00  1.06846558e-02  1.96365607e-04  1.06846558e-02  1.42603979e+00 
 1.07046558e-02  1.79676666e+00  1.07046558e-02  3.30000000e+00  1.07046558e-02  1.96365658e-04  1.07046558e-02  1.42610826e+00 
 1.07246558e-02  1.79676709e+00  1.07246558e-02  3.30000000e+00  1.07246558e-02  1.96365705e-04  1.07246558e-02  1.42616996e+00 
 1.07446558e-02  1.79676747e+00  1.07446558e-02  3.30000000e+00  1.07446558e-02  1.96365747e-04  1.07446558e-02  1.42622557e+00 
 1.07646558e-02  1.79676782e+00  1.07646558e-02  3.30000000e+00  1.07646558e-02  1.96365785e-04  1.07646558e-02  1.42627569e+00 
 1.07846558e-02  1.79676813e+00  1.07846558e-02  3.30000000e+00  1.07846558e-02  1.96365819e-04  1.07846558e-02  1.42632086e+00 
 1.08046558e-02  1.79676841e+00  1.08046558e-02  3.30000000e+00  1.08046558e-02  1.96365850e-04  1.08046558e-02  1.42636157e+00 
 1.08246558e-02  1.79676866e+00  1.08246558e-02  3.30000000e+00  1.08246558e-02  1.96365877e-04  1.08246558e-02  1.42639826e+00 
 1.08446558e-02  1.79676889e+00  1.08446558e-02  3.30000000e+00  1.08446558e-02  1.96365902e-04  1.08446558e-02  1.42643132e+00 
 1.08646558e-02  1.79676910e+00  1.08646558e-02  3.30000000e+00  1.08646558e-02  1.96365925e-04  1.08646558e-02  1.42646111e+00 
 1.08846558e-02  1.79676928e+00  1.08846558e-02  3.30000000e+00  1.08846558e-02  1.96365945e-04  1.08846558e-02  1.42648797e+00 
 1.09046558e-02  1.79676945e+00  1.09046558e-02  3.30000000e+00  1.09046558e-02  1.96365963e-04  1.09046558e-02  1.42651217e+00 
 1.09246558e-02  1.79676960e+00  1.09246558e-02  3.30000000e+00  1.09246558e-02  1.96365980e-04  1.09246558e-02  1.42653398e+00 
 1.09446558e-02  1.79676974e+00  1.09446558e-02  3.30000000e+00  1.09446558e-02  1.96365995e-04  1.09446558e-02  1.42655363e+00 
 1.09646558e-02  1.79676986e+00  1.09646558e-02  3.30000000e+00  1.09646558e-02  1.96366008e-04  1.09646558e-02  1.42657135e+00 
 1.09846558e-02  1.79676997e+00  1.09846558e-02  3.30000000e+00  1.09846558e-02  1.96366020e-04  1.09846558e-02  1.42658731e+00 
 1.10046558e-02  1.79677007e+00  1.10046558e-02  3.30000000e+00  1.10046558e-02  1.96366031e-04  1.10046558e-02  1.42660170e+00 
 1.10246558e-02  1.79677016e+00  1.10246558e-02  3.30000000e+00  1.10246558e-02  1.96366041e-04  1.10246558e-02  1.42661466e+00 
 1.10446558e-02  1.79677024e+00  1.10446558e-02  3.30000000e+00  1.10446558e-02  1.96366050e-04  1.10446558e-02  1.42662634e+00 
 1.10646558e-02  1.79677031e+00  1.10646558e-02  3.30000000e+00  1.10646558e-02  1.96366058e-04  1.10646558e-02  1.42663687e+00 
 1.10846558e-02  1.79677038e+00  1.10846558e-02  3.30000000e+00  1.10846558e-02  1.96366065e-04  1.10846558e-02  1.42664636e+00 
 1.11046558e-02  1.79677044e+00  1.11046558e-02  3.30000000e+00  1.11046558e-02  1.96366071e-04  1.11046558e-02  1.42665491e+00 
 1.11246558e-02  1.79677049e+00  1.11246558e-02  3.30000000e+00  1.11246558e-02  1.96366077e-04  1.11246558e-02  1.42666262e+00 
 1.11446558e-02  1.79677054e+00  1.11446558e-02  3.30000000e+00  1.11446558e-02  1.96366082e-04  1.11446558e-02  1.42666956e+00 
 1.11646558e-02  1.79677058e+00  1.11646558e-02  3.30000000e+00  1.11646558e-02  1.96366087e-04  1.11646558e-02  1.42667582e+00 
 1.11846558e-02  1.79677062e+00  1.11846558e-02  3.30000000e+00  1.11846558e-02  1.96366091e-04  1.11846558e-02  1.42668146e+00 
 1.12046558e-02  1.79677066e+00  1.12046558e-02  3.30000000e+00  1.12046558e-02  1.96366095e-04  1.12046558e-02  1.42668655e+00 
 1.12246558e-02  1.79677069e+00  1.12246558e-02  3.30000000e+00  1.12246558e-02  1.96366099e-04  1.12246558e-02  1.42669113e+00 
 1.12446558e-02  1.79677072e+00  1.12446558e-02  3.30000000e+00  1.12446558e-02  1.96366102e-04  1.12446558e-02  1.42669526e+00 
 1.12646558e-02  1.79677074e+00  1.12646558e-02  3.30000000e+00  1.12646558e-02  1.96366105e-04  1.12646558e-02  1.42669898e+00 
 1.12846558e-02  1.79677076e+00  1.12846558e-02  3.30000000e+00  1.12846558e-02  1.96366107e-04  1.12846558e-02  1.42670233e+00 
 1.13046558e-02  1.79677079e+00  1.13046558e-02  3.30000000e+00  1.13046558e-02  1.96366109e-04  1.13046558e-02  1.42670535e+00 
 1.13246558e-02  1.79677080e+00  1.13246558e-02  3.30000000e+00  1.13246558e-02  1.96366111e-04  1.13246558e-02  1.42670807e+00 
 1.13446558e-02  1.79677082e+00  1.13446558e-02  3.30000000e+00  1.13446558e-02  1.96366113e-04  1.13446558e-02  1.42671053e+00 
 1.13646558e-02  1.79677084e+00  1.13646558e-02  3.30000000e+00  1.13646558e-02  1.96366115e-04  1.13646558e-02  1.42671274e+00 
 1.13846558e-02  1.79677085e+00  1.13846558e-02  3.30000000e+00  1.13846558e-02  1.96366116e-04  1.13846558e-02  1.42671473e+00 
 1.14046558e-02  1.79677086e+00  1.14046558e-02  3.30000000e+00  1.14046558e-02  1.96366118e-04  1.14046558e-02  1.42671653e+00 
 1.14246558e-02  1.79677087e+00  1.14246558e-02  3.30000000e+00  1.14246558e-02  1.96366119e-04  1.14246558e-02  1.42671815e+00 
 1.14446558e-02  1.79677088e+00  1.14446558e-02  3.30000000e+00  1.14446558e-02  1.96366120e-04  1.14446558e-02  1.42671960e+00 
 1.14646558e-02  1.79677089e+00  1.14646558e-02  3.30000000e+00  1.14646558e-02  1.96366121e-04  1.14646558e-02  1.42672092e+00 
 1.14846558e-02  1.79677090e+00  1.14846558e-02  3.30000000e+00  1.14846558e-02  1.96366122e-04  1.14846558e-02  1.42672210e+00 
 1.15046558e-02  1.79677091e+00  1.15046558e-02  3.30000000e+00  1.15046558e-02  1.96366123e-04  1.15046558e-02  1.42672317e+00 
 1.15246558e-02  1.79677092e+00  1.15246558e-02  3.30000000e+00  1.15246558e-02  1.96366124e-04  1.15246558e-02  1.42672413e+00 
 1.15446558e-02  1.79677092e+00  1.15446558e-02  3.30000000e+00  1.15446558e-02  1.96366124e-04  1.15446558e-02  1.42672500e+00 
 1.15646558e-02  1.79677093e+00  1.15646558e-02  3.30000000e+00  1.15646558e-02  1.96366125e-04  1.15646558e-02  1.42672578e+00 
 1.15846558e-02  1.79677093e+00  1.15846558e-02  3.30000000e+00  1.15846558e-02  1.96366125e-04  1.15846558e-02  1.42672649e+00 
 1.16046558e-02  1.79677094e+00  1.16046558e-02  3.30000000e+00  1.16046558e-02  1.96366126e-04  1.16046558e-02  1.42672712e+00 
 1.16246558e-02  1.79677094e+00  1.16246558e-02  3.30000000e+00  1.16246558e-02  1.96366126e-04  1.16246558e-02  1.42672769e+00 
 1.16446558e-02  1.79677094e+00  1.16446558e-02  3.30000000e+00  1.16446558e-02  1.96366127e-04  1.16446558e-02  1.42672821e+00 
 1.16646558e-02  1.79677095e+00  1.16646558e-02  3.30000000e+00  1.16646558e-02  1.96366127e-04  1.16646558e-02  1.42672867e+00 
 1.16846558e-02  1.79677095e+00  1.16846558e-02  3.30000000e+00  1.16846558e-02  1.96366127e-04  1.16846558e-02  1.42672909e+00 
 1.17046558e-02  1.79677095e+00  1.17046558e-02  3.30000000e+00  1.17046558e-02  1.96366128e-04  1.17046558e-02  1.42672947e+00 
 1.17246558e-02  1.79677095e+00  1.17246558e-02  3.30000000e+00  1.17246558e-02  1.96366128e-04  1.17246558e-02  1.42672981e+00 
 1.17446558e-02  1.79677096e+00  1.17446558e-02  3.30000000e+00  1.17446558e-02  1.96366128e-04  1.17446558e-02  1.42673011e+00 
 1.17646558e-02  1.79677096e+00  1.17646558e-02  3.30000000e+00  1.17646558e-02  1.96366128e-04  1.17646558e-02  1.42673039e+00 
 1.17846558e-02  1.79677096e+00  1.17846558e-02  3.30000000e+00  1.17846558e-02  1.96366128e-04  1.17846558e-02  1.42673064e+00 
 1.18046558e-02  1.79677096e+00  1.18046558e-02  3.30000000e+00  1.18046558e-02  1.96366129e-04  1.18046558e-02  1.42673086e+00 
 1.18246558e-02  1.79677096e+00  1.18246558e-02  3.30000000e+00  1.18246558e-02  1.96366129e-04  1.18246558e-02  1.42673106e+00 
 1.18446558e-02  1.79677096e+00  1.18446558e-02  3.30000000e+00  1.18446558e-02  1.96366129e-04  1.18446558e-02  1.42673125e+00 
 1.18646558e-02  1.79677097e+00  1.18646558e-02  3.30000000e+00  1.18646558e-02  1.96366129e-04  1.18646558e-02  1.42673141e+00 
 1.18846558e-02  1.79677097e+00  1.18846558e-02  3.30000000e+00  1.18846558e-02  1.96366129e-04  1.18846558e-02  1.42673156e+00 
 1.19046558e-02  1.79677097e+00  1.19046558e-02  3.30000000e+00  1.19046558e-02  1.96366129e-04  1.19046558e-02  1.42673169e+00 
 1.19246558e-02  1.79677097e+00  1.19246558e-02  3.30000000e+00  1.19246558e-02  1.96366129e-04  1.19246558e-02  1.42673181e+00 
 1.19446558e-02  1.79677097e+00  1.19446558e-02  3.30000000e+00  1.19446558e-02  1.96366129e-04  1.19446558e-02  1.42673192e+00 
 1.19646558e-02  1.79677097e+00  1.19646558e-02  3.30000000e+00  1.19646558e-02  1.96366129e-04  1.19646558e-02  1.42673202e+00 
 1.19846558e-02  1.79677097e+00  1.19846558e-02  3.30000000e+00  1.19846558e-02  1.96366130e-04  1.19846558e-02  1.42673211e+00 
 1.20000000e-02  1.79677097e+00  1.20000000e-02  3.30000000e+00  1.20000000e-02  1.96366130e-04  1.20000000e-02  1.42673217e+00 
