 0.00000000e+00  1.80000000e+00  0.00000000e+00  0.00000000e+00  0.00000000e+00  1.79999982e+00  0.00000000e+00  6.40078585e-11 
 2.00000000e-07  1.80000000e+00  2.00000000e-07  0.00000000e+00  2.00000000e-07  1.79999982e+00  2.00000000e-07  6.40078585e-11 
 4.00000000e-07  1.80000000e+00  4.00000000e-07  0.00000000e+00  4.00000000e-07  1.79999982e+00  4.00000000e-07  6.40078585e-11 
 8.00000000e-07  1.80000000e+00  8.00000000e-07  0.00000000e+00  8.00000000e-07  1.79999982e+00  8.00000000e-07  6.40078585e-11 
 1.60000000e-06  1.80000000e+00  1.60000000e-06  0.00000000e+00  1.60000000e-06  1.79999982e+00  1.60000000e-06  6.40078585e-11 
 3.20000000e-06  1.80000000e+00  3.20000000e-06  0.00000000e+00  3.20000000e-06  1.79999982e+00  3.20000000e-06  6.40078585e-11 
 6.40000000e-06  1.80000000e+00  6.40000000e-06  0.00000000e+00  6.40000000e-06  1.79999982e+00  6.40000000e-06  6.40078585e-11 
 1.28000000e-05  1.80000000e+00  1.28000000e-05  0.00000000e+00  1.28000000e-05  1.79999982e+00  1.28000000e-05  6.40078585e-11 
 2.56000000e-05  1.80000000e+00  2.56000000e-05  0.00000000e+00  2.56000000e-05  1.79999982e+00  2.56000000e-05  6.40078585e-11 
 4.56000000e-05  1.80000000e+00  4.56000000e-05  0.00000000e+00  4.56000000e-05  1.79999982e+00  4.56000000e-05  6.40078585e-11 
 6.56000000e-05  1.80000000e+00  6.56000000e-05  0.00000000e+00  6.56000000e-05  1.79999982e+00  6.56000000e-05  6.40078585e-11 
 8.56000000e-05  1.80000000e+00  8.56000000e-05  0.00000000e+00  8.56000000e-05  1.79999982e+00  8.56000000e-05  6.40078585e-11 
 1.05600000e-04  1.80000000e+00  1.05600000e-04  0.00000000e+00  1.05600000e-04  1.79999982e+00  1.05600000e-04  6.40078585e-11 
 1.25600000e-04  1.80000000e+00  1.25600000e-04  0.00000000e+00  1.25600000e-04  1.79999982e+00  1.25600000e-04  6.40078585e-11 
 1.45600000e-04  1.80000000e+00  1.45600000e-04  0.00000000e+00  1.45600000e-04  1.79999982e+00  1.45600000e-04  6.40078585e-11 
 1.65600000e-04  1.80000000e+00  1.65600000e-04  0.00000000e+00  1.65600000e-04  1.79999982e+00  1.65600000e-04  6.40078585e-11 
 1.85600000e-04  1.80000000e+00  1.85600000e-04  0.00000000e+00  1.85600000e-04  1.79999982e+00  1.85600000e-04  6.40078585e-11 
 2.05600000e-04  1.80000000e+00  2.05600000e-04  0.00000000e+00  2.05600000e-04  1.79999982e+00  2.05600000e-04  6.40078585e-11 
 2.25600000e-04  1.80000000e+00  2.25600000e-04  0.00000000e+00  2.25600000e-04  1.79999982e+00  2.25600000e-04  6.40078585e-11 
 2.45600000e-04  1.80000000e+00  2.45600000e-04  0.00000000e+00  2.45600000e-04  1.79999982e+00  2.45600000e-04  6.40078585e-11 
 2.65600000e-04  1.80000000e+00  2.65600000e-04  0.00000000e+00  2.65600000e-04  1.79999982e+00  2.65600000e-04  6.40078585e-11 
 2.85600000e-04  1.80000000e+00  2.85600000e-04  0.00000000e+00  2.85600000e-04  1.79999982e+00  2.85600000e-04  6.40078585e-11 
 3.05600000e-04  1.80000000e+00  3.05600000e-04  0.00000000e+00  3.05600000e-04  1.79999982e+00  3.05600000e-04  6.40078585e-11 
 3.25600000e-04  1.80000000e+00  3.25600000e-04  0.00000000e+00  3.25600000e-04  1.79999982e+00  3.25600000e-04  6.40078585e-11 
 3.45600000e-04  1.80000000e+00  3.45600000e-04  0.00000000e+00  3.45600000e-04  1.79999982e+00  3.45600000e-04  6.40078585e-11 
 3.65600000e-04  1.80000000e+00  3.65600000e-04  0.00000000e+00  3.65600000e-04  1.79999982e+00  3.65600000e-04  6.40078585e-11 
 3.85600000e-04  1.80000000e+00  3.85600000e-04  0.00000000e+00  3.85600000e-04  1.79999982e+00  3.85600000e-04  6.40078585e-11 
 4.05600000e-04  1.80000000e+00  4.05600000e-04  0.00000000e+00  4.05600000e-04  1.79999982e+00  4.05600000e-04  6.40078585e-11 
 4.25600000e-04  1.80000000e+00  4.25600000e-04  0.00000000e+00  4.25600000e-04  1.79999982e+00  4.25600000e-04  6.40078585e-11 
 4.45600000e-04  1.80000000e+00  4.45600000e-04  0.00000000e+00  4.45600000e-04  1.79999982e+00  4.45600000e-04  6.40078585e-11 
 4.65600000e-04  1.80000000e+00  4.65600000e-04  0.00000000e+00  4.65600000e-04  1.79999982e+00  4.65600000e-04  6.40078585e-11 
 4.85600000e-04  1.80000000e+00  4.85600000e-04  0.00000000e+00  4.85600000e-04  1.79999982e+00  4.85600000e-04  6.40078585e-11 
 5.05600000e-04  1.80000000e+00  5.05600000e-04  0.00000000e+00  5.05600000e-04  1.79999982e+00  5.05600000e-04  6.40078585e-11 
 5.25600000e-04  1.80000000e+00  5.25600000e-04  0.00000000e+00  5.25600000e-04  1.79999982e+00  5.25600000e-04  6.40078585e-11 
 5.45600000e-04  1.80000000e+00  5.45600000e-04  0.00000000e+00  5.45600000e-04  1.79999982e+00  5.45600000e-04  6.40078585e-11 
 5.65600000e-04  1.80000000e+00  5.65600000e-04  0.00000000e+00  5.65600000e-04  1.79999982e+00  5.65600000e-04  6.40078585e-11 
 5.85600000e-04  1.80000000e+00  5.85600000e-04  0.00000000e+00  5.85600000e-04  1.79999982e+00  5.85600000e-04  6.40078585e-11 
 6.05600000e-04  1.80000000e+00  6.05600000e-04  0.00000000e+00  6.05600000e-04  1.79999982e+00  6.05600000e-04  6.40078585e-11 
 6.25600000e-04  1.80000000e+00  6.25600000e-04  0.00000000e+00  6.25600000e-04  1.79999982e+00  6.25600000e-04  6.40078585e-11 
 6.45600000e-04  1.80000000e+00  6.45600000e-04  0.00000000e+00  6.45600000e-04  1.79999982e+00  6.45600000e-04  6.40078585e-11 
 6.65600000e-04  1.80000000e+00  6.65600000e-04  0.00000000e+00  6.65600000e-04  1.79999982e+00  6.65600000e-04  6.40078585e-11 
 6.85600000e-04  1.80000000e+00  6.85600000e-04  0.00000000e+00  6.85600000e-04  1.79999982e+00  6.85600000e-04  6.40078585e-11 
 7.05600000e-04  1.80000000e+00  7.05600000e-04  0.00000000e+00  7.05600000e-04  1.79999982e+00  7.05600000e-04  6.40078585e-11 
 7.25600000e-04  1.80000000e+00  7.25600000e-04  0.00000000e+00  7.25600000e-04  1.79999982e+00  7.25600000e-04  6.40078585e-11 
 7.45600000e-04  1.80000000e+00  7.45600000e-04  0.00000000e+00  7.45600000e-04  1.79999982e+00  7.45600000e-04  6.40078585e-11 
 7.65600000e-04  1.80000000e+00  7.65600000e-04  0.00000000e+00  7.65600000e-04  1.79999982e+00  7.65600000e-04  6.40078585e-11 
 7.85600000e-04  1.80000000e+00  7.85600000e-04  0.00000000e+00  7.85600000e-04  1.79999982e+00  7.85600000e-04  6.40078585e-11 
 8.05600000e-04  1.80000000e+00  8.05600000e-04  0.00000000e+00  8.05600000e-04  1.79999982e+00  8.05600000e-04  6.40078585e-11 
 8.25600000e-04  1.80000000e+00  8.25600000e-04  0.00000000e+00  8.25600000e-04  1.79999982e+00  8.25600000e-04  6.40078585e-11 
 8.45600000e-04  1.80000000e+00  8.45600000e-04  0.00000000e+00  8.45600000e-04  1.79999982e+00  8.45600000e-04  6.40078585e-11 
 8.65600000e-04  1.80000000e+00  8.65600000e-04  0.00000000e+00  8.65600000e-04  1.79999982e+00  8.65600000e-04  6.40078585e-11 
 8.85600000e-04  1.80000000e+00  8.85600000e-04  0.00000000e+00  8.85600000e-04  1.79999982e+00  8.85600000e-04  6.40078585e-11 
 9.05600000e-04  1.80000000e+00  9.05600000e-04  0.00000000e+00  9.05600000e-04  1.79999982e+00  9.05600000e-04  6.40078585e-11 
 9.25600000e-04  1.80000000e+00  9.25600000e-04  0.00000000e+00  9.25600000e-04  1.79999982e+00  9.25600000e-04  6.40078585e-11 
 9.45600000e-04  1.80000000e+00  9.45600000e-04  0.00000000e+00  9.45600000e-04  1.79999982e+00  9.45600000e-04  6.40078585e-11 
 9.65600000e-04  1.80000000e+00  9.65600000e-04  0.00000000e+00  9.65600000e-04  1.79999982e+00  9.65600000e-04  6.40078585e-11 
 9.85600000e-04  1.80000000e+00  9.85600000e-04  0.00000000e+00  9.85600000e-04  1.79999982e+00  9.85600000e-04  6.40078585e-11 
 1.00000000e-03  1.80000000e+00  1.00000000e-03  0.00000000e+00  1.00000000e-03  1.79999982e+00  1.00000000e-03  6.40078585e-11 
 1.00200000e-03  1.80000000e+00  1.00200000e-03  3.30000000e-01  1.00200000e-03  1.79999982e+00  1.00200000e-03  6.40078585e-11 
 1.00600000e-03  1.80000000e+00  1.00600000e-03  9.90000000e-01  1.00600000e-03  1.79999982e+00  1.00600000e-03  6.40078585e-11 
 1.00975142e-03  1.79797745e+00  1.00975142e-03  1.60898460e+00  1.00975142e-03  7.39324317e-04  1.00975142e-03  3.06594235e-03 
 1.01331494e-03  1.79678978e+00  1.01331494e-03  2.19696554e+00  1.01331494e-03  3.76338418e-04  1.01331494e-03  8.87301171e-03 
 1.01887401e-03  1.79729857e+00  1.01887401e-03  3.11421177e+00  1.01887401e-03  2.13551076e-04  1.01887401e-03  1.78777979e-02 
 1.02000000e-03  1.79714773e+00  1.02000000e-03  3.30000000e+00  1.02000000e-03  1.96407252e-04  1.02000000e-03  1.96947893e-02 
 1.02055695e-03  1.79713487e+00  1.02055695e-03  3.30000000e+00  1.02055695e-03  1.96080150e-04  1.02055695e-03  2.05921081e-02 
 1.02167085e-03  1.79711973e+00  1.02167085e-03  3.30000000e+00  1.02167085e-03  1.96404247e-04  1.02167085e-03  2.23854363e-02 
 1.02389865e-03  1.79711595e+00  1.02389865e-03  3.30000000e+00  1.02389865e-03  1.96403833e-04  1.02389865e-03  2.59643370e-02 
 1.02835425e-03  1.79711675e+00  1.02835425e-03  3.30000000e+00  1.02835425e-03  1.96403920e-04  1.02835425e-03  3.30914618e-02 
 1.03726546e-03  1.79711631e+00  1.03726546e-03  3.30000000e+00  1.03726546e-03  1.96403873e-04  1.03726546e-03  4.72239617e-02 
 1.05508787e-03  1.79711664e+00  1.05508787e-03  3.30000000e+00  1.05508787e-03  1.96403909e-04  1.05508787e-03  7.50088352e-02 
 1.07508787e-03  1.79711636e+00  1.07508787e-03  3.30000000e+00  1.07508787e-03  1.96403878e-04  1.07508787e-03  1.05440258e-01 
 1.09508787e-03  1.79711660e+00  1.09508787e-03  3.30000000e+00  1.09508787e-03  1.96403904e-04  1.09508787e-03  1.35099304e-01 
 1.11508787e-03  1.79711640e+00  1.11508787e-03  3.30000000e+00  1.11508787e-03  1.96403882e-04  1.11508787e-03  1.64005580e-01 
 1.13508787e-03  1.79711657e+00  1.13508787e-03  3.30000000e+00  1.13508787e-03  1.96403901e-04  1.13508787e-03  1.92178189e-01 
 1.15508787e-03  1.79711642e+00  1.15508787e-03  3.30000000e+00  1.15508787e-03  1.96403885e-04  1.15508787e-03  2.19635755e-01 
 1.17508787e-03  1.79711655e+00  1.17508787e-03  3.30000000e+00  1.17508787e-03  1.96403899e-04  1.17508787e-03  2.46396425e-01 
 1.19508787e-03  1.79711644e+00  1.19508787e-03  3.30000000e+00  1.19508787e-03  1.96403887e-04  1.19508787e-03  2.72477886e-01 
 1.21508787e-03  1.79711653e+00  1.21508787e-03  3.30000000e+00  1.21508787e-03  1.96403897e-04  1.21508787e-03  2.97897378e-01 
 1.23508787e-03  1.79711645e+00  1.23508787e-03  3.30000000e+00  1.23508787e-03  1.96403888e-04  1.23508787e-03  3.22671702e-01 
 1.25508787e-03  1.79711652e+00  1.25508787e-03  3.30000000e+00  1.25508787e-03  1.96403896e-04  1.25508787e-03  3.46817233e-01 
 1.27508787e-03  1.79711646e+00  1.27508787e-03  3.30000000e+00  1.27508787e-03  1.96403890e-04  1.27508787e-03  3.70349930e-01 
 1.29508787e-03  1.79711651e+00  1.29508787e-03  3.30000000e+00  1.29508787e-03  1.96403895e-04  1.29508787e-03  3.93285348e-01 
 1.31508787e-03  1.79711647e+00  1.31508787e-03  3.30000000e+00  1.31508787e-03  1.96403890e-04  1.31508787e-03  4.15638645e-01 
 1.33508787e-03  1.79711651e+00  1.33508787e-03  3.30000000e+00  1.33508787e-03  1.96403894e-04  1.33508787e-03  4.37424597e-01 
 1.35508787e-03  1.79711648e+00  1.35508787e-03  3.30000000e+00  1.35508787e-03  1.96403891e-04  1.35508787e-03  4.58657604e-01 
 1.37508787e-03  1.79711650e+00  1.37508787e-03  3.30000000e+00  1.37508787e-03  1.96403894e-04  1.37508787e-03  4.79351698e-01 
 1.39508787e-03  1.79711648e+00  1.39508787e-03  3.30000000e+00  1.39508787e-03  1.96403891e-04  1.39508787e-03  4.99520560e-01 
 1.41508787e-03  1.79711650e+00  1.41508787e-03  3.30000000e+00  1.41508787e-03  1.96403893e-04  1.41508787e-03  5.19177519e-01 
 1.43508787e-03  1.79711648e+00  1.43508787e-03  3.30000000e+00  1.43508787e-03  1.96403892e-04  1.43508787e-03  5.38335567e-01 
 1.45508787e-03  1.79711650e+00  1.45508787e-03  3.30000000e+00  1.45508787e-03  1.96403893e-04  1.45508787e-03  5.57007369e-01 
 1.47508787e-03  1.79711648e+00  1.47508787e-03  3.30000000e+00  1.47508787e-03  1.96403892e-04  1.47508787e-03  5.75205264e-01 
 1.49508787e-03  1.79711649e+00  1.49508787e-03  3.30000000e+00  1.49508787e-03  1.96403893e-04  1.49508787e-03  5.92941282e-01 
 1.51508787e-03  1.79711649e+00  1.51508787e-03  3.30000000e+00  1.51508787e-03  1.96403892e-04  1.51508787e-03  6.10227145e-01 
 1.53508787e-03  1.79711649e+00  1.53508787e-03  3.30000000e+00  1.53508787e-03  1.96403893e-04  1.53508787e-03  6.27074278e-01 
 1.55508787e-03  1.79711649e+00  1.55508787e-03  3.30000000e+00  1.55508787e-03  1.96403892e-04  1.55508787e-03  6.43493817e-01 
 1.57508787e-03  1.79711649e+00  1.57508787e-03  3.30000000e+00  1.57508787e-03  1.96403893e-04  1.57508787e-03  6.59496614e-01 
 1.59508787e-03  1.79711649e+00  1.59508787e-03  3.30000000e+00  1.59508787e-03  1.96403892e-04  1.59508787e-03  6.75093246e-01 
 1.61508787e-03  1.79711649e+00  1.61508787e-03  3.30000000e+00  1.61508787e-03  1.96403893e-04  1.61508787e-03  6.90294023e-01 
 1.63508787e-03  1.79711657e+00  1.63508787e-03  3.30000000e+00  1.63508787e-03  1.96403901e-04  1.63508787e-03  7.05108514e-01 
 1.65508787e-03  1.79711742e+00  1.65508787e-03  3.30000000e+00  1.65508787e-03  1.96403994e-04  1.65508787e-03  7.19541424e-01 
 1.67508787e-03  1.79711924e+00  1.67508787e-03  3.30000000e+00  1.67508787e-03  1.96404193e-04  1.67508787e-03  7.33592604e-01 
 1.69508787e-03  1.79712189e+00  1.69508787e-03  3.30000000e+00  1.69508787e-03  1.96404482e-04  1.69508787e-03  7.47261747e-01 
 1.71508787e-03  1.79712533e+00  1.71508787e-03  3.30000000e+00  1.71508787e-03  1.96404859e-04  1.71508787e-03  7.60549399e-01 
 1.73508787e-03  1.79712947e+00  1.73508787e-03  3.30000000e+00  1.73508787e-03  1.96405312e-04  1.73508787e-03  7.73456918e-01 
 1.75508787e-03  1.79713427e+00  1.75508787e-03  3.30000000e+00  1.75508787e-03  1.96405835e-04  1.75508787e-03  7.85986416e-01 
 1.77508787e-03  1.79713962e+00  1.77508787e-03  3.30000000e+00  1.77508787e-03  1.96406421e-04  1.77508787e-03  7.98140717e-01 
 1.79508787e-03  1.79714550e+00  1.79508787e-03  3.30000000e+00  1.79508787e-03  1.96407063e-04  1.79508787e-03  8.09923299e-01 
 1.81508787e-03  1.79715181e+00  1.81508787e-03  3.30000000e+00  1.81508787e-03  1.96407753e-04  1.81508787e-03  8.21338245e-01 
 1.83508787e-03  1.79715853e+00  1.83508787e-03  3.30000000e+00  1.83508787e-03  1.96408487e-04  1.83508787e-03  8.32390194e-01 
 1.85508787e-03  1.79716558e+00  1.85508787e-03  3.30000000e+00  1.85508787e-03  1.96409257e-04  1.85508787e-03  8.43084288e-01 
 1.87508787e-03  1.79717292e+00  1.87508787e-03  3.30000000e+00  1.87508787e-03  1.96410059e-04  1.87508787e-03  8.53426124e-01 
 1.89508787e-03  1.79718049e+00  1.89508787e-03  3.30000000e+00  1.89508787e-03  1.96410887e-04  1.89508787e-03  8.63421707e-01 
 1.91508787e-03  1.79718826e+00  1.91508787e-03  3.30000000e+00  1.91508787e-03  1.96411737e-04  1.91508787e-03  8.73077404e-01 
 1.93508787e-03  1.79719619e+00  1.93508787e-03  3.30000000e+00  1.93508787e-03  1.96412603e-04  1.93508787e-03  8.82399897e-01 
 1.95508787e-03  1.79720423e+00  1.95508787e-03  3.30000000e+00  1.95508787e-03  1.96413482e-04  1.95508787e-03  8.91396143e-01 
 1.97508787e-03  1.79721236e+00  1.97508787e-03  3.30000000e+00  1.97508787e-03  1.96414370e-04  1.97508787e-03  9.00073331e-01 
 1.99508787e-03  1.79722053e+00  1.99508787e-03  3.30000000e+00  1.99508787e-03  1.96415263e-04  1.99508787e-03  9.08438848e-01 
 2.01508787e-03  1.79722872e+00  2.01508787e-03  3.30000000e+00  2.01508787e-03  1.96416158e-04  2.01508787e-03  9.16500236e-01 
 2.03508787e-03  1.79723690e+00  2.03508787e-03  3.30000000e+00  2.03508787e-03  1.96417053e-04  2.03508787e-03  9.24265162e-01 
 2.05508787e-03  1.79724505e+00  2.05508787e-03  3.30000000e+00  2.05508787e-03  1.96417944e-04  2.05508787e-03  9.31741386e-01 
 2.07508787e-03  1.79725315e+00  2.07508787e-03  3.30000000e+00  2.07508787e-03  1.96418829e-04  2.07508787e-03  9.38936728e-01 
 2.09508787e-03  1.79726118e+00  2.09508787e-03  3.30000000e+00  2.09508787e-03  1.96419706e-04  2.09508787e-03  9.45859046e-01 
 2.11508787e-03  1.79726911e+00  2.11508787e-03  3.30000000e+00  2.11508787e-03  1.96420573e-04  2.11508787e-03  9.52516202e-01 
 2.13508787e-03  1.79727693e+00  2.13508787e-03  3.30000000e+00  2.13508787e-03  1.96421428e-04  2.13508787e-03  9.58916049e-01 
 2.15508787e-03  1.79728464e+00  2.15508787e-03  3.30000000e+00  2.15508787e-03  1.96422270e-04  2.15508787e-03  9.65066400e-01 
 2.17508787e-03  1.79729221e+00  2.17508787e-03  3.30000000e+00  2.17508787e-03  1.96423097e-04  2.17508787e-03  9.70975014e-01 
 2.19508787e-03  1.79729964e+00  2.19508787e-03  3.30000000e+00  2.19508787e-03  1.96423909e-04  2.19508787e-03  9.76649577e-01 
 2.21508787e-03  1.79730692e+00  2.21508787e-03  3.30000000e+00  2.21508787e-03  1.96424705e-04  2.21508787e-03  9.82097687e-01 
 2.23508787e-03  1.79731403e+00  2.23508787e-03  3.30000000e+00  2.23508787e-03  1.96425483e-04  2.23508787e-03  9.87326838e-01 
 2.25508787e-03  1.79732099e+00  2.25508787e-03  3.30000000e+00  2.25508787e-03  1.96426242e-04  2.25508787e-03  9.92344410e-01 
 2.27508787e-03  1.79732777e+00  2.27508787e-03  3.30000000e+00  2.27508787e-03  1.96426984e-04  2.27508787e-03  9.97157657e-01 
 2.29508787e-03  1.79733438e+00  2.29508787e-03  3.30000000e+00  2.29508787e-03  1.96427706e-04  2.29508787e-03  1.00177369e+00 
 2.31508787e-03  1.79734081e+00  2.31508787e-03  3.30000000e+00  2.31508787e-03  1.96428409e-04  2.31508787e-03  1.00619950e+00 
 2.33508787e-03  1.79734706e+00  2.33508787e-03  3.30000000e+00  2.33508787e-03  1.96429092e-04  2.33508787e-03  1.01044189e+00 
 2.35508787e-03  1.79735314e+00  2.35508787e-03  3.30000000e+00  2.35508787e-03  1.96429756e-04  2.35508787e-03  1.01450754e+00 
 2.37508787e-03  1.79735903e+00  2.37508787e-03  3.30000000e+00  2.37508787e-03  1.96430400e-04  2.37508787e-03  1.01840295e+00 
 2.39508787e-03  1.79736474e+00  2.39508787e-03  3.30000000e+00  2.39508787e-03  1.96431025e-04  2.39508787e-03  1.02213447e+00 
 2.41508787e-03  1.79737028e+00  2.41508787e-03  3.30000000e+00  2.41508787e-03  1.96431630e-04  2.41508787e-03  1.02570826e+00 
 2.43508787e-03  1.79737563e+00  2.43508787e-03  3.30000000e+00  2.43508787e-03  1.96432215e-04  2.43508787e-03  1.02913034e+00 
 2.45508787e-03  1.79738081e+00  2.45508787e-03  3.30000000e+00  2.45508787e-03  1.96432781e-04  2.45508787e-03  1.03240653e+00 
 2.47508787e-03  1.79738582e+00  2.47508787e-03  3.30000000e+00  2.47508787e-03  1.96433328e-04  2.47508787e-03  1.03554250e+00 
 2.49508787e-03  1.79739066e+00  2.49508787e-03  3.30000000e+00  2.49508787e-03  1.96433857e-04  2.49508787e-03  1.03854374e+00 
 2.51508787e-03  1.79739532e+00  2.51508787e-03  3.30000000e+00  2.51508787e-03  1.96434367e-04  2.51508787e-03  1.04141557e+00 
 2.53508787e-03  1.79739983e+00  2.53508787e-03  3.30000000e+00  2.53508787e-03  1.96434859e-04  2.53508787e-03  1.04416315e+00 
 2.55508787e-03  1.79740417e+00  2.55508787e-03  3.30000000e+00  2.55508787e-03  1.96435333e-04  2.55508787e-03  1.04679146e+00 
 2.57508787e-03  1.79740835e+00  2.57508787e-03  3.30000000e+00  2.57508787e-03  1.96435790e-04  2.57508787e-03  1.04930532e+00 
 2.59508787e-03  1.79741238e+00  2.59508787e-03  3.30000000e+00  2.59508787e-03  1.96436231e-04  2.59508787e-03  1.05170939e+00 
 2.61508787e-03  1.79741625e+00  2.61508787e-03  3.30000000e+00  2.61508787e-03  1.96436655e-04  2.61508787e-03  1.05400816e+00 
 2.63508787e-03  1.79741998e+00  2.63508787e-03  3.30000000e+00  2.63508787e-03  1.96437062e-04  2.63508787e-03  1.05620597e+00 
 2.65508787e-03  1.79742357e+00  2.65508787e-03  3.30000000e+00  2.65508787e-03  1.96437454e-04  2.65508787e-03  1.05830700e+00 
 2.67508787e-03  1.79742702e+00  2.67508787e-03  3.30000000e+00  2.67508787e-03  1.96437831e-04  2.67508787e-03  1.06031530e+00 
 2.69508787e-03  1.79743034e+00  2.69508787e-03  3.30000000e+00  2.69508787e-03  1.96438194e-04  2.69508787e-03  1.06223473e+00 
 2.71508787e-03  1.79743352e+00  2.71508787e-03  3.30000000e+00  2.71508787e-03  1.96438542e-04  2.71508787e-03  1.06406905e+00 
 2.73508787e-03  1.79743658e+00  2.73508787e-03  3.30000000e+00  2.73508787e-03  1.96438876e-04  2.73508787e-03  1.06582186e+00 
 2.75508787e-03  1.79743951e+00  2.75508787e-03  3.30000000e+00  2.75508787e-03  1.96439197e-04  2.75508787e-03  1.06749661e+00 
 2.77508787e-03  1.79744233e+00  2.77508787e-03  3.30000000e+00  2.77508787e-03  1.96439505e-04  2.77508787e-03  1.06909664e+00 
 2.79508787e-03  1.79744503e+00  2.79508787e-03  3.30000000e+00  2.79508787e-03  1.96439800e-04  2.79508787e-03  1.07062516e+00 
 2.81508787e-03  1.79744762e+00  2.81508787e-03  3.30000000e+00  2.81508787e-03  1.96440083e-04  2.81508787e-03  1.07208522e+00 
 2.83508787e-03  1.79745011e+00  2.83508787e-03  3.30000000e+00  2.83508787e-03  1.96440355e-04  2.83508787e-03  1.07347980e+00 
 2.85508787e-03  1.79745249e+00  2.85508787e-03  3.30000000e+00  2.85508787e-03  1.96440615e-04  2.85508787e-03  1.07481173e+00 
 2.87508787e-03  1.79745477e+00  2.87508787e-03  3.30000000e+00  2.87508787e-03  1.96440865e-04  2.87508787e-03  1.07608373e+00 
 2.89508787e-03  1.79745696e+00  2.89508787e-03  3.30000000e+00  2.89508787e-03  1.96441104e-04  2.89508787e-03  1.07729841e+00 
 2.91508787e-03  1.79745906e+00  2.91508787e-03  3.30000000e+00  2.91508787e-03  1.96441333e-04  2.91508787e-03  1.07845828e+00 
 2.93508787e-03  1.79746106e+00  2.93508787e-03  3.30000000e+00  2.93508787e-03  1.96441552e-04  2.93508787e-03  1.07956574e+00 
 2.95508787e-03  1.79746298e+00  2.95508787e-03  3.30000000e+00  2.95508787e-03  1.96441762e-04  2.95508787e-03  1.08062310e+00 
 2.97508787e-03  1.79746482e+00  2.97508787e-03  3.30000000e+00  2.97508787e-03  1.96441963e-04  2.97508787e-03  1.08163257e+00 
 2.99508787e-03  1.79746658e+00  2.99508787e-03  3.30000000e+00  2.99508787e-03  1.96442155e-04  2.99508787e-03  1.08259626e+00 
 3.01508787e-03  1.79746827e+00  3.01508787e-03  3.30000000e+00  3.01508787e-03  1.96442339e-04  3.01508787e-03  1.08351621e+00 
 3.03508787e-03  1.79746988e+00  3.03508787e-03  3.30000000e+00  3.03508787e-03  1.96442515e-04  3.03508787e-03  1.08439434e+00 
 3.05508787e-03  1.79747142e+00  3.05508787e-03  3.30000000e+00  3.05508787e-03  1.96442684e-04  3.05508787e-03  1.08523253e+00 
 3.07508787e-03  1.79747290e+00  3.07508787e-03  3.30000000e+00  3.07508787e-03  1.96442845e-04  3.07508787e-03  1.08603256e+00 
 3.09508787e-03  1.79747431e+00  3.09508787e-03  3.30000000e+00  3.09508787e-03  1.96442999e-04  3.09508787e-03  1.08679613e+00 
 3.11508787e-03  1.79747566e+00  3.11508787e-03  3.30000000e+00  3.11508787e-03  1.96443147e-04  3.11508787e-03  1.08752486e+00 
 3.13508787e-03  1.79747694e+00  3.13508787e-03  3.30000000e+00  3.13508787e-03  1.96443288e-04  3.13508787e-03  1.08822033e+00 
 3.15508787e-03  1.79747818e+00  3.15508787e-03  3.30000000e+00  3.15508787e-03  1.96443422e-04  3.15508787e-03  1.08888402e+00 
 3.17508787e-03  1.79747936e+00  3.17508787e-03  3.30000000e+00  3.17508787e-03  1.96443551e-04  3.17508787e-03  1.08951737e+00 
 3.19508787e-03  1.79748048e+00  3.19508787e-03  3.30000000e+00  3.19508787e-03  1.96443674e-04  3.19508787e-03  1.09012174e+00 
 3.21508787e-03  1.79748156e+00  3.21508787e-03  3.30000000e+00  3.21508787e-03  1.96443792e-04  3.21508787e-03  1.09069844e+00 
 3.23508787e-03  1.79748259e+00  3.23508787e-03  3.30000000e+00  3.23508787e-03  1.96443904e-04  3.23508787e-03  1.09124872e+00 
 3.25508787e-03  1.79748357e+00  3.25508787e-03  3.30000000e+00  3.25508787e-03  1.96444012e-04  3.25508787e-03  1.09177377e+00 
 3.27508787e-03  1.79748451e+00  3.27508787e-03  3.30000000e+00  3.27508787e-03  1.96444114e-04  3.27508787e-03  1.09227473e+00 
 3.29508787e-03  1.79748540e+00  3.29508787e-03  3.30000000e+00  3.29508787e-03  1.96444212e-04  3.29508787e-03  1.09275270e+00 
 3.31508787e-03  1.79748626e+00  3.31508787e-03  3.30000000e+00  3.31508787e-03  1.96444306e-04  3.31508787e-03  1.09320873e+00 
 3.33508787e-03  1.79748708e+00  3.33508787e-03  3.30000000e+00  3.33508787e-03  1.96444395e-04  3.33508787e-03  1.09364380e+00 
 3.35508787e-03  1.79748786e+00  3.35508787e-03  3.30000000e+00  3.35508787e-03  1.96444481e-04  3.35508787e-03  1.09405887e+00 
 3.37508787e-03  1.79748861e+00  3.37508787e-03  3.30000000e+00  3.37508787e-03  1.96444562e-04  3.37508787e-03  1.09445486e+00 
 3.39508787e-03  1.79748932e+00  3.39508787e-03  3.30000000e+00  3.39508787e-03  1.96444640e-04  3.39508787e-03  1.09483262e+00 
 3.41508787e-03  1.79749000e+00  3.41508787e-03  3.30000000e+00  3.41508787e-03  1.96444714e-04  3.41508787e-03  1.09519300e+00 
 3.43508787e-03  1.79749065e+00  3.43508787e-03  3.30000000e+00  3.43508787e-03  1.96444785e-04  3.43508787e-03  1.09553678e+00 
 3.45508787e-03  1.79749127e+00  3.45508787e-03  3.30000000e+00  3.45508787e-03  1.96444853e-04  3.45508787e-03  1.09586472e+00 
 3.47508787e-03  1.79749186e+00  3.47508787e-03  3.30000000e+00  3.47508787e-03  1.96444918e-04  3.47508787e-03  1.09617756e+00 
 3.49508787e-03  1.79749243e+00  3.49508787e-03  3.30000000e+00  3.49508787e-03  1.96444980e-04  3.49508787e-03  1.09647597e+00 
 3.51508787e-03  1.79749297e+00  3.51508787e-03  3.30000000e+00  3.51508787e-03  1.96445039e-04  3.51508787e-03  1.09676062e+00 
 3.53508787e-03  1.79749348e+00  3.53508787e-03  3.30000000e+00  3.53508787e-03  1.96445095e-04  3.53508787e-03  1.09703214e+00 
 3.55508787e-03  1.79749397e+00  3.55508787e-03  3.30000000e+00  3.55508787e-03  1.96445149e-04  3.55508787e-03  1.09729113e+00 
 3.57508787e-03  1.79749444e+00  3.57508787e-03  3.30000000e+00  3.57508787e-03  1.96445200e-04  3.57508787e-03  1.09753817e+00 
 3.59508787e-03  1.79749489e+00  3.59508787e-03  3.30000000e+00  3.59508787e-03  1.96445249e-04  3.59508787e-03  1.09777380e+00 
 3.61508787e-03  1.79749532e+00  3.61508787e-03  3.30000000e+00  3.61508787e-03  1.96445296e-04  3.61508787e-03  1.09799856e+00 
 3.63508787e-03  1.79749573e+00  3.63508787e-03  3.30000000e+00  3.63508787e-03  1.96445340e-04  3.63508787e-03  1.09821292e+00 
 3.65508787e-03  1.79749612e+00  3.65508787e-03  3.30000000e+00  3.65508787e-03  1.96445383e-04  3.65508787e-03  1.09841739e+00 
 3.67508787e-03  1.79749649e+00  3.67508787e-03  3.30000000e+00  3.67508787e-03  1.96445423e-04  3.67508787e-03  1.09861240e+00 
 3.69508787e-03  1.79749684e+00  3.69508787e-03  3.30000000e+00  3.69508787e-03  1.96445462e-04  3.69508787e-03  1.09879841e+00 
 3.71508787e-03  1.79749718e+00  3.71508787e-03  3.30000000e+00  3.71508787e-03  1.96445499e-04  3.71508787e-03  1.09897581e+00 
 3.73508787e-03  1.79749750e+00  3.73508787e-03  3.30000000e+00  3.73508787e-03  1.96445534e-04  3.73508787e-03  1.09914501e+00 
 3.75508787e-03  1.79749781e+00  3.75508787e-03  3.30000000e+00  3.75508787e-03  1.96445568e-04  3.75508787e-03  1.09930638e+00 
 3.77508787e-03  1.79749810e+00  3.77508787e-03  3.30000000e+00  3.77508787e-03  1.96445600e-04  3.77508787e-03  1.09946028e+00 
 3.79508787e-03  1.79749838e+00  3.79508787e-03  3.30000000e+00  3.79508787e-03  1.96445631e-04  3.79508787e-03  1.09960707e+00 
 3.81508787e-03  1.79749865e+00  3.81508787e-03  3.30000000e+00  3.81508787e-03  1.96445660e-04  3.81508787e-03  1.09974706e+00 
 3.83508787e-03  1.79749891e+00  3.83508787e-03  3.30000000e+00  3.83508787e-03  1.96445688e-04  3.83508787e-03  1.09988058e+00 
 3.85508787e-03  1.79749915e+00  3.85508787e-03  3.30000000e+00  3.85508787e-03  1.96445715e-04  3.85508787e-03  1.10000791e+00 
 3.87508787e-03  1.79749938e+00  3.87508787e-03  3.30000000e+00  3.87508787e-03  1.96445740e-04  3.87508787e-03  1.10012935e+00 
 3.89508787e-03  1.79749960e+00  3.89508787e-03  3.30000000e+00  3.89508787e-03  1.96445764e-04  3.89508787e-03  1.10024517e+00 
 3.91508787e-03  1.79749982e+00  3.91508787e-03  3.30000000e+00  3.91508787e-03  1.96445787e-04  3.91508787e-03  1.10035562e+00 
 3.93508787e-03  1.79750002e+00  3.93508787e-03  3.30000000e+00  3.93508787e-03  1.96445809e-04  3.93508787e-03  1.10046096e+00 
 3.95508787e-03  1.79750021e+00  3.95508787e-03  3.30000000e+00  3.95508787e-03  1.96445830e-04  3.95508787e-03  1.10056142e+00 
 3.97508787e-03  1.79750039e+00  3.97508787e-03  3.30000000e+00  3.97508787e-03  1.96445850e-04  3.97508787e-03  1.10065722e+00 
 3.99508787e-03  1.79750057e+00  3.99508787e-03  3.30000000e+00  3.99508787e-03  1.96445869e-04  3.99508787e-03  1.10074859e+00 
 4.01508787e-03  1.79750073e+00  4.01508787e-03  3.30000000e+00  4.01508787e-03  1.96445888e-04  4.01508787e-03  1.10083572e+00 
 4.03508787e-03  1.79750089e+00  4.03508787e-03  3.30000000e+00  4.03508787e-03  1.96445905e-04  4.03508787e-03  1.10091881e+00 
 4.05508787e-03  1.79750105e+00  4.05508787e-03  3.30000000e+00  4.05508787e-03  1.96445922e-04  4.05508787e-03  1.10099806e+00 
 4.07508787e-03  1.79750119e+00  4.07508787e-03  3.30000000e+00  4.07508787e-03  1.96445938e-04  4.07508787e-03  1.10107363e+00 
 4.09508787e-03  1.79750133e+00  4.09508787e-03  3.30000000e+00  4.09508787e-03  1.96445953e-04  4.09508787e-03  1.10114570e+00 
 4.11508787e-03  1.79750146e+00  4.11508787e-03  3.30000000e+00  4.11508787e-03  1.96445967e-04  4.11508787e-03  1.10121443e+00 
 4.13508787e-03  1.79750159e+00  4.13508787e-03  3.30000000e+00  4.13508787e-03  1.96445981e-04  4.13508787e-03  1.10127997e+00 
 4.15508787e-03  1.79750171e+00  4.15508787e-03  3.30000000e+00  4.15508787e-03  1.96445994e-04  4.15508787e-03  1.10134247e+00 
 4.17508787e-03  1.79750182e+00  4.17508787e-03  3.30000000e+00  4.17508787e-03  1.96446006e-04  4.17508787e-03  1.10140208e+00 
 4.19508787e-03  1.79750193e+00  4.19508787e-03  3.30000000e+00  4.19508787e-03  1.96446018e-04  4.19508787e-03  1.10145892e+00 
 4.21508787e-03  1.79750203e+00  4.21508787e-03  3.30000000e+00  4.21508787e-03  1.96446030e-04  4.21508787e-03  1.10151312e+00 
 4.23508787e-03  1.79750213e+00  4.23508787e-03  3.30000000e+00  4.23508787e-03  1.96446041e-04  4.23508787e-03  1.10156481e+00 
 4.25508787e-03  1.79750223e+00  4.25508787e-03  3.30000000e+00  4.25508787e-03  1.96446051e-04  4.25508787e-03  1.10161411e+00 
 4.27508787e-03  1.79750232e+00  4.27508787e-03  3.30000000e+00  4.27508787e-03  1.96446061e-04  4.27508787e-03  1.10166112e+00 
 4.29508787e-03  1.79750240e+00  4.29508787e-03  3.30000000e+00  4.29508787e-03  1.96446070e-04  4.29508787e-03  1.10170595e+00 
 4.31508787e-03  1.79750249e+00  4.31508787e-03  3.30000000e+00  4.31508787e-03  1.96446079e-04  4.31508787e-03  1.10174869e+00 
 4.33508787e-03  1.79750256e+00  4.33508787e-03  3.30000000e+00  4.33508787e-03  1.96446088e-04  4.33508787e-03  1.10178946e+00 
 4.35508787e-03  1.79750264e+00  4.35508787e-03  3.30000000e+00  4.35508787e-03  1.96446096e-04  4.35508787e-03  1.10182833e+00 
 4.37508787e-03  1.79750271e+00  4.37508787e-03  3.30000000e+00  4.37508787e-03  1.96446104e-04  4.37508787e-03  1.10186541e+00 
 4.39508787e-03  1.79750278e+00  4.39508787e-03  3.30000000e+00  4.39508787e-03  1.96446111e-04  4.39508787e-03  1.10190076e+00 
 4.41508787e-03  1.79750284e+00  4.41508787e-03  3.30000000e+00  4.41508787e-03  1.96446118e-04  4.41508787e-03  1.10193447e+00 
 4.43508787e-03  1.79750290e+00  4.43508787e-03  3.30000000e+00  4.43508787e-03  1.96446125e-04  4.43508787e-03  1.10196662e+00 
 4.45508787e-03  1.79750296e+00  4.45508787e-03  3.30000000e+00  4.45508787e-03  1.96446131e-04  4.45508787e-03  1.10199727e+00 
 4.47508787e-03  1.79750302e+00  4.47508787e-03  3.30000000e+00  4.47508787e-03  1.96446137e-04  4.47508787e-03  1.10202650e+00 
 4.49508787e-03  1.79750307e+00  4.49508787e-03  3.30000000e+00  4.49508787e-03  1.96446143e-04  4.49508787e-03  1.10205438e+00 
 4.51508787e-03  1.79750312e+00  4.51508787e-03  3.30000000e+00  4.51508787e-03  1.96446149e-04  4.51508787e-03  1.10208097e+00 
 4.53508787e-03  1.79750317e+00  4.53508787e-03  3.30000000e+00  4.53508787e-03  1.96446154e-04  4.53508787e-03  1.10210632e+00 
 4.55508787e-03  1.79750322e+00  4.55508787e-03  3.30000000e+00  4.55508787e-03  1.96446159e-04  4.55508787e-03  1.10213049e+00 
 4.57508787e-03  1.79750326e+00  4.57508787e-03  3.30000000e+00  4.57508787e-03  1.96446164e-04  4.57508787e-03  1.10215354e+00 
 4.59508787e-03  1.79750331e+00  4.59508787e-03  3.30000000e+00  4.59508787e-03  1.96446169e-04  4.59508787e-03  1.10217552e+00 
 4.61508787e-03  1.79750335e+00  4.61508787e-03  3.30000000e+00  4.61508787e-03  1.96446173e-04  4.61508787e-03  1.10219648e+00 
 4.63508787e-03  1.79750338e+00  4.63508787e-03  3.30000000e+00  4.63508787e-03  1.96446177e-04  4.63508787e-03  1.10221647e+00 
 4.65508787e-03  1.79750342e+00  4.65508787e-03  3.30000000e+00  4.65508787e-03  1.96446181e-04  4.65508787e-03  1.10223553e+00 
 4.67508787e-03  1.79750346e+00  4.67508787e-03  3.30000000e+00  4.67508787e-03  1.96446185e-04  4.67508787e-03  1.10225371e+00 
 4.69508787e-03  1.79750349e+00  4.69508787e-03  3.30000000e+00  4.69508787e-03  1.96446189e-04  4.69508787e-03  1.10227104e+00 
 4.71508787e-03  1.79750352e+00  4.71508787e-03  3.30000000e+00  4.71508787e-03  1.96446192e-04  4.71508787e-03  1.10228757e+00 
 4.73508787e-03  1.79750355e+00  4.73508787e-03  3.30000000e+00  4.73508787e-03  1.96446196e-04  4.73508787e-03  1.10230333e+00 
 4.75508787e-03  1.79750358e+00  4.75508787e-03  3.30000000e+00  4.75508787e-03  1.96446199e-04  4.75508787e-03  1.10231836e+00 
 4.77508787e-03  1.79750361e+00  4.77508787e-03  3.30000000e+00  4.77508787e-03  1.96446202e-04  4.77508787e-03  1.10233270e+00 
 4.79508787e-03  1.79750363e+00  4.79508787e-03  3.30000000e+00  4.79508787e-03  1.96446205e-04  4.79508787e-03  1.10234636e+00 
 4.81508787e-03  1.79750366e+00  4.81508787e-03  3.30000000e+00  4.81508787e-03  1.96446207e-04  4.81508787e-03  1.10235940e+00 
 4.83508787e-03  1.79750368e+00  4.83508787e-03  3.30000000e+00  4.83508787e-03  1.96446210e-04  4.83508787e-03  1.10237182e+00 
 4.85508787e-03  1.79750371e+00  4.85508787e-03  3.30000000e+00  4.85508787e-03  1.96446212e-04  4.85508787e-03  1.10238367e+00 
 4.87508787e-03  1.79750373e+00  4.87508787e-03  3.30000000e+00  4.87508787e-03  1.96446215e-04  4.87508787e-03  1.10239498e+00 
 4.89508787e-03  1.79750375e+00  4.89508787e-03  3.30000000e+00  4.89508787e-03  1.96446217e-04  4.89508787e-03  1.10240575e+00 
 4.91508787e-03  1.79750377e+00  4.91508787e-03  3.30000000e+00  4.91508787e-03  1.96446219e-04  4.91508787e-03  1.10241603e+00 
 4.93508787e-03  1.79750379e+00  4.93508787e-03  3.30000000e+00  4.93508787e-03  1.96446221e-04  4.93508787e-03  1.10242583e+00 
 4.95508787e-03  1.79750381e+00  4.95508787e-03  3.30000000e+00  4.95508787e-03  1.96446223e-04  4.95508787e-03  1.10243517e+00 
 4.97508787e-03  1.79750382e+00  4.97508787e-03  3.30000000e+00  4.97508787e-03  1.96446225e-04  4.97508787e-03  1.10244408e+00 
 4.99508787e-03  1.79750384e+00  4.99508787e-03  3.30000000e+00  4.99508787e-03  1.96446227e-04  4.99508787e-03  1.10245258e+00 
 5.01508787e-03  1.79750385e+00  5.01508787e-03  3.30000000e+00  5.01508787e-03  1.96446229e-04  5.01508787e-03  1.10246068e+00 
 5.02000000e-03  1.79750386e+00  5.02000000e-03  3.30000000e+00  5.02000000e-03  1.96446229e-04  5.02000000e-03  1.10246261e+00 
 5.02200000e-03  1.79750394e+00  5.02200000e-03  2.97000000e+00  5.02200000e-03  2.29172180e-04  5.02200000e-03  1.10246327e+00 
 5.02600000e-03  1.79750425e+00  5.02600000e-03  2.31000000e+00  5.02600000e-03  3.44091908e-04  5.02600000e-03  1.10246414e+00 
 5.03400000e-03  1.79958412e+00  5.03400000e-03  9.90000000e-01  5.03400000e-03  1.79958394e+00  5.03400000e-03  1.09682535e+00 
 5.04000000e-03  1.80024077e+00  5.04000000e-03  0.00000000e+00  5.04000000e-03  1.80024059e+00  5.04000000e-03  1.08839899e+00 
 5.04160000e-03  1.80008026e+00  5.04160000e-03  0.00000000e+00  5.04160000e-03  1.80008008e+00  5.04160000e-03  1.08616522e+00 
 5.04480000e-03  1.79997325e+00  5.04480000e-03  0.00000000e+00  5.04480000e-03  1.79997307e+00  5.04480000e-03  1.08170685e+00 
 5.05120000e-03  1.80001605e+00  5.05120000e-03  0.00000000e+00  5.05120000e-03  1.80001587e+00  5.05120000e-03  1.07284490e+00 
 5.06400000e-03  1.79998752e+00  5.06400000e-03  0.00000000e+00  5.06400000e-03  1.79998733e+00  5.06400000e-03  1.05533791e+00 
 5.08400000e-03  1.80001063e+00  5.08400000e-03  0.00000000e+00  5.08400000e-03  1.80001045e+00  5.08400000e-03  1.02855255e+00 
 5.10400000e-03  1.79999094e+00  5.10400000e-03  0.00000000e+00  5.10400000e-03  1.79999076e+00  5.10400000e-03  1.00244702e+00 
 5.12400000e-03  1.80000772e+00  5.12400000e-03  0.00000000e+00  5.12400000e-03  1.80000754e+00  5.12400000e-03  9.77004076e-01 
 5.14400000e-03  1.79999343e+00  5.14400000e-03  0.00000000e+00  5.14400000e-03  1.79999324e+00  5.14400000e-03  9.52206895e-01 
 5.16400000e-03  1.80000560e+00  5.16400000e-03  0.00000000e+00  5.16400000e-03  1.80000542e+00  5.16400000e-03  9.28039087e-01 
 5.18400000e-03  1.79999523e+00  5.18400000e-03  0.00000000e+00  5.18400000e-03  1.79999505e+00  5.18400000e-03  9.04484678e-01 
 5.20400000e-03  1.80000406e+00  5.20400000e-03  0.00000000e+00  5.20400000e-03  1.80000388e+00  5.20400000e-03  8.81528099e-01 
 5.22400000e-03  1.79999654e+00  5.22400000e-03  0.00000000e+00  5.22400000e-03  1.79999636e+00  5.22400000e-03  8.59154178e-01 
 5.24400000e-03  1.80000295e+00  5.24400000e-03  0.00000000e+00  5.24400000e-03  1.80000277e+00  5.24400000e-03  8.37348126e-01 
 5.26400000e-03  1.79999749e+00  5.26400000e-03  0.00000000e+00  5.26400000e-03  1.79999731e+00  5.26400000e-03  8.16095529e-01 
 5.28400000e-03  1.80000214e+00  5.28400000e-03  0.00000000e+00  5.28400000e-03  1.80000196e+00  5.28400000e-03  7.95382342e-01 
 5.30400000e-03  1.79999818e+00  5.30400000e-03  0.00000000e+00  5.30400000e-03  1.79999800e+00  5.30400000e-03  7.75194872e-01 
 5.32400000e-03  1.80000155e+00  5.32400000e-03  0.00000000e+00  5.32400000e-03  1.80000137e+00  5.32400000e-03  7.55519777e-01 
 5.34400000e-03  1.79999868e+00  5.34400000e-03  0.00000000e+00  5.34400000e-03  1.79999850e+00  5.34400000e-03  7.36344053e-01 
 5.36400000e-03  1.80000113e+00  5.36400000e-03  0.00000000e+00  5.36400000e-03  1.80000094e+00  5.36400000e-03  7.17655024e-01 
 5.38400000e-03  1.79999904e+00  5.38400000e-03  0.00000000e+00  5.38400000e-03  1.79999886e+00  5.38400000e-03  6.99440339e-01 
 5.40400000e-03  1.80000082e+00  5.40400000e-03  0.00000000e+00  5.40400000e-03  1.80000064e+00  5.40400000e-03  6.81687957e-01 
 5.42400000e-03  1.79999930e+00  5.42400000e-03  0.00000000e+00  5.42400000e-03  1.79999912e+00  5.42400000e-03  6.64386146e-01 
 5.44400000e-03  1.80000059e+00  5.44400000e-03  0.00000000e+00  5.44400000e-03  1.80000041e+00  5.44400000e-03  6.47523470e-01 
 5.46400000e-03  1.79999949e+00  5.46400000e-03  0.00000000e+00  5.46400000e-03  1.79999931e+00  5.46400000e-03  6.31088782e-01 
 5.48400000e-03  1.80000043e+00  5.48400000e-03  0.00000000e+00  5.48400000e-03  1.80000025e+00  5.48400000e-03  6.15071220e-01 
 5.50400000e-03  1.79999963e+00  5.50400000e-03  0.00000000e+00  5.50400000e-03  1.79999945e+00  5.50400000e-03  5.99460198e-01 
 5.52400000e-03  1.80000031e+00  5.52400000e-03  0.00000000e+00  5.52400000e-03  1.80000013e+00  5.52400000e-03  5.84245396e-01 
 5.54400000e-03  1.79999973e+00  5.54400000e-03  0.00000000e+00  5.54400000e-03  1.79999955e+00  5.54400000e-03  5.69416759e-01 
 5.56400000e-03  1.80000023e+00  5.56400000e-03  0.00000000e+00  5.56400000e-03  1.80000004e+00  5.56400000e-03  5.54964485e-01 
 5.58400000e-03  1.79999981e+00  5.58400000e-03  0.00000000e+00  5.58400000e-03  1.79999962e+00  5.58400000e-03  5.40879021e-01 
 5.60400000e-03  1.80000016e+00  5.60400000e-03  0.00000000e+00  5.60400000e-03  1.79999998e+00  5.60400000e-03  5.27151059e-01 
 5.62400000e-03  1.79999986e+00  5.62400000e-03  0.00000000e+00  5.62400000e-03  1.79999968e+00  5.62400000e-03  5.13771524e-01 
 5.64400000e-03  1.80000012e+00  5.64400000e-03  0.00000000e+00  5.64400000e-03  1.79999994e+00  5.64400000e-03  5.00731572e-01 
 5.66400000e-03  1.79999990e+00  5.66400000e-03  0.00000000e+00  5.66400000e-03  1.79999972e+00  5.66400000e-03  4.88022586e-01 
 5.68400000e-03  1.80000009e+00  5.68400000e-03  0.00000000e+00  5.68400000e-03  1.79999990e+00  5.68400000e-03  4.75636164e-01 
 5.70400000e-03  1.79999993e+00  5.70400000e-03  0.00000000e+00  5.70400000e-03  1.79999974e+00  5.70400000e-03  4.63564120e-01 
 5.72400000e-03  1.80000006e+00  5.72400000e-03  0.00000000e+00  5.72400000e-03  1.79999988e+00  5.72400000e-03  4.51798474e-01 
 5.74400000e-03  1.79999995e+00  5.74400000e-03  0.00000000e+00  5.74400000e-03  1.79999976e+00  5.74400000e-03  4.40331451e-01 
 5.76400000e-03  1.80000005e+00  5.76400000e-03  0.00000000e+00  5.76400000e-03  1.79999986e+00  5.76400000e-03  4.29155470e-01 
 5.78400000e-03  1.79999996e+00  5.78400000e-03  0.00000000e+00  5.78400000e-03  1.79999978e+00  5.78400000e-03  4.18263145e-01 
 5.80400000e-03  1.80000003e+00  5.80400000e-03  0.00000000e+00  5.80400000e-03  1.79999985e+00  5.80400000e-03  4.07647276e-01 
 5.82400000e-03  1.79999997e+00  5.82400000e-03  0.00000000e+00  5.82400000e-03  1.79999979e+00  5.82400000e-03  3.97300847e-01 
 5.84400000e-03  1.80000002e+00  5.84400000e-03  0.00000000e+00  5.84400000e-03  1.79999984e+00  5.84400000e-03  3.87217019e-01 
 5.86400000e-03  1.79999998e+00  5.86400000e-03  0.00000000e+00  5.86400000e-03  1.79999980e+00  5.86400000e-03  3.77389127e-01 
 5.88400000e-03  1.80000002e+00  5.88400000e-03  0.00000000e+00  5.88400000e-03  1.79999984e+00  5.88400000e-03  3.67810675e-01 
 5.90400000e-03  1.79999999e+00  5.90400000e-03  0.00000000e+00  5.90400000e-03  1.79999980e+00  5.90400000e-03  3.58475332e-01 
 5.92400000e-03  1.80000001e+00  5.92400000e-03  0.00000000e+00  5.92400000e-03  1.79999983e+00  5.92400000e-03  3.49376928e-01 
 5.94400000e-03  1.79999999e+00  5.94400000e-03  0.00000000e+00  5.94400000e-03  1.79999981e+00  5.94400000e-03  3.40509449e-01 
 5.96400000e-03  1.80000001e+00  5.96400000e-03  0.00000000e+00  5.96400000e-03  1.79999983e+00  5.96400000e-03  3.31867034e-01 
 5.98400000e-03  1.79999999e+00  5.98400000e-03  0.00000000e+00  5.98400000e-03  1.79999981e+00  5.98400000e-03  3.23443971e-01 
 6.00400000e-03  1.80000001e+00  6.00400000e-03  0.00000000e+00  6.00400000e-03  1.79999982e+00  6.00400000e-03  3.15234692e-01 
 6.02400000e-03  1.79999999e+00  6.02400000e-03  0.00000000e+00  6.02400000e-03  1.79999981e+00  6.02400000e-03  3.07233772e-01 
 6.04400000e-03  1.80000000e+00  6.04400000e-03  0.00000000e+00  6.04400000e-03  1.79999982e+00  6.04400000e-03  2.99435921e-01 
 6.06400000e-03  1.80000000e+00  6.06400000e-03  0.00000000e+00  6.06400000e-03  1.79999981e+00  6.06400000e-03  2.91835987e-01 
 6.08400000e-03  1.80000000e+00  6.08400000e-03  0.00000000e+00  6.08400000e-03  1.79999982e+00  6.08400000e-03  2.84428945e-01 
 6.10400000e-03  1.80000000e+00  6.10400000e-03  0.00000000e+00  6.10400000e-03  1.79999982e+00  6.10400000e-03  2.77209901e-01 
 6.12400000e-03  1.80000000e+00  6.12400000e-03  0.00000000e+00  6.12400000e-03  1.79999982e+00  6.12400000e-03  2.70174081e-01 
 6.14400000e-03  1.80000000e+00  6.14400000e-03  0.00000000e+00  6.14400000e-03  1.79999982e+00  6.14400000e-03  2.63316837e-01 
 6.16400000e-03  1.80000000e+00  6.16400000e-03  0.00000000e+00  6.16400000e-03  1.79999982e+00  6.16400000e-03  2.56633635e-01 
 6.18400000e-03  1.80000000e+00  6.18400000e-03  0.00000000e+00  6.18400000e-03  1.79999982e+00  6.18400000e-03  2.50120059e-01 
 6.20400000e-03  1.80000000e+00  6.20400000e-03  0.00000000e+00  6.20400000e-03  1.79999982e+00  6.20400000e-03  2.43771802e-01 
 6.22400000e-03  1.80000000e+00  6.22400000e-03  0.00000000e+00  6.22400000e-03  1.79999982e+00  6.22400000e-03  2.37584670e-01 
 6.24400000e-03  1.80000000e+00  6.24400000e-03  0.00000000e+00  6.24400000e-03  1.79999982e+00  6.24400000e-03  2.31554572e-01 
 6.26400000e-03  1.80000000e+00  6.26400000e-03  0.00000000e+00  6.26400000e-03  1.79999982e+00  6.26400000e-03  2.25677523e-01 
 6.28400000e-03  1.80000000e+00  6.28400000e-03  0.00000000e+00  6.28400000e-03  1.79999982e+00  6.28400000e-03  2.19949638e-01 
 6.30400000e-03  1.80000000e+00  6.30400000e-03  0.00000000e+00  6.30400000e-03  1.79999982e+00  6.30400000e-03  2.14367132e-01 
 6.32400000e-03  1.80000000e+00  6.32400000e-03  0.00000000e+00  6.32400000e-03  1.79999982e+00  6.32400000e-03  2.08926315e-01 
 6.34400000e-03  1.80000000e+00  6.34400000e-03  0.00000000e+00  6.34400000e-03  1.79999982e+00  6.34400000e-03  2.03623590e-01 
 6.36400000e-03  1.80000000e+00  6.36400000e-03  0.00000000e+00  6.36400000e-03  1.79999982e+00  6.36400000e-03  1.98455453e-01 
 6.38400000e-03  1.80000000e+00  6.38400000e-03  0.00000000e+00  6.38400000e-03  1.79999982e+00  6.38400000e-03  1.93418488e-01 
 6.40400000e-03  1.80000000e+00  6.40400000e-03  0.00000000e+00  6.40400000e-03  1.79999982e+00  6.40400000e-03  1.88509364e-01 
 6.42400000e-03  1.80000000e+00  6.42400000e-03  0.00000000e+00  6.42400000e-03  1.79999982e+00  6.42400000e-03  1.83724839e-01 
 6.44400000e-03  1.80000000e+00  6.44400000e-03  0.00000000e+00  6.44400000e-03  1.79999982e+00  6.44400000e-03  1.79061749e-01 
 6.46400000e-03  1.80000000e+00  6.46400000e-03  0.00000000e+00  6.46400000e-03  1.79999982e+00  6.46400000e-03  1.74517012e-01 
 6.48400000e-03  1.80000000e+00  6.48400000e-03  0.00000000e+00  6.48400000e-03  1.79999982e+00  6.48400000e-03  1.70087624e-01 
 6.50400000e-03  1.80000000e+00  6.50400000e-03  0.00000000e+00  6.50400000e-03  1.79999982e+00  6.50400000e-03  1.65770657e-01 
 6.52400000e-03  1.80000000e+00  6.52400000e-03  0.00000000e+00  6.52400000e-03  1.79999982e+00  6.52400000e-03  1.61563259e-01 
 6.54400000e-03  1.80000000e+00  6.54400000e-03  0.00000000e+00  6.54400000e-03  1.79999982e+00  6.54400000e-03  1.57462649e-01 
 6.56400000e-03  1.80000000e+00  6.56400000e-03  0.00000000e+00  6.56400000e-03  1.79999982e+00  6.56400000e-03  1.53466115e-01 
 6.58400000e-03  1.80000000e+00  6.58400000e-03  0.00000000e+00  6.58400000e-03  1.79999982e+00  6.58400000e-03  1.49571016e-01 
 6.60400000e-03  1.80000000e+00  6.60400000e-03  0.00000000e+00  6.60400000e-03  1.79999982e+00  6.60400000e-03  1.45774779e-01 
 6.62400000e-03  1.80000000e+00  6.62400000e-03  0.00000000e+00  6.62400000e-03  1.79999982e+00  6.62400000e-03  1.42074893e-01 
 6.64400000e-03  1.80000000e+00  6.64400000e-03  0.00000000e+00  6.64400000e-03  1.79999982e+00  6.64400000e-03  1.38468913e-01 
 6.66400000e-03  1.80000000e+00  6.66400000e-03  0.00000000e+00  6.66400000e-03  1.79999982e+00  6.66400000e-03  1.34954456e-01 
 6.68400000e-03  1.80000000e+00  6.68400000e-03  0.00000000e+00  6.68400000e-03  1.79999982e+00  6.68400000e-03  1.31529199e-01 
 6.70400000e-03  1.80000000e+00  6.70400000e-03  0.00000000e+00  6.70400000e-03  1.79999982e+00  6.70400000e-03  1.28190878e-01 
 6.72400000e-03  1.80000000e+00  6.72400000e-03  0.00000000e+00  6.72400000e-03  1.79999982e+00  6.72400000e-03  1.24937286e-01 
 6.74400000e-03  1.80000000e+00  6.74400000e-03  0.00000000e+00  6.74400000e-03  1.79999982e+00  6.74400000e-03  1.21766273e-01 
 6.76400000e-03  1.80000000e+00  6.76400000e-03  0.00000000e+00  6.76400000e-03  1.79999982e+00  6.76400000e-03  1.18675743e-01 
 6.78400000e-03  1.80000000e+00  6.78400000e-03  0.00000000e+00  6.78400000e-03  1.79999982e+00  6.78400000e-03  1.15663653e-01 
 6.80400000e-03  1.80000000e+00  6.80400000e-03  0.00000000e+00  6.80400000e-03  1.79999982e+00  6.80400000e-03  1.12728013e-01 
 6.82400000e-03  1.80000000e+00  6.82400000e-03  0.00000000e+00  6.82400000e-03  1.79999982e+00  6.82400000e-03  1.09866882e-01 
 6.84400000e-03  1.80000000e+00  6.84400000e-03  0.00000000e+00  6.84400000e-03  1.79999982e+00  6.84400000e-03  1.07078368e-01 
 6.86400000e-03  1.80000000e+00  6.86400000e-03  0.00000000e+00  6.86400000e-03  1.79999982e+00  6.86400000e-03  1.04360630e-01 
 6.88400000e-03  1.80000000e+00  6.88400000e-03  0.00000000e+00  6.88400000e-03  1.79999982e+00  6.88400000e-03  1.01711870e-01 
 6.90400000e-03  1.80000000e+00  6.90400000e-03  0.00000000e+00  6.90400000e-03  1.79999982e+00  6.90400000e-03  9.91303371e-02 
 6.92400000e-03  1.80000000e+00  6.92400000e-03  0.00000000e+00  6.92400000e-03  1.79999982e+00  6.92400000e-03  9.66143262e-02 
 6.94400000e-03  1.80000000e+00  6.94400000e-03  0.00000000e+00  6.94400000e-03  1.79999982e+00  6.94400000e-03  9.41621737e-02 
 6.96400000e-03  1.80000000e+00  6.96400000e-03  0.00000000e+00  6.96400000e-03  1.79999982e+00  6.96400000e-03  9.17722589e-02 
 6.98400000e-03  1.80000000e+00  6.98400000e-03  0.00000000e+00  6.98400000e-03  1.79999982e+00  6.98400000e-03  8.94430021e-02 
 7.00400000e-03  1.80000000e+00  7.00400000e-03  0.00000000e+00  7.00400000e-03  1.79999982e+00  7.00400000e-03  8.71728638e-02 
 7.02400000e-03  1.80000000e+00  7.02400000e-03  0.00000000e+00  7.02400000e-03  1.79999982e+00  7.02400000e-03  8.49603436e-02 
 7.04400000e-03  1.80000000e+00  7.04400000e-03  0.00000000e+00  7.04400000e-03  1.79999982e+00  7.04400000e-03  8.28039789e-02 
 7.06400000e-03  1.80000000e+00  7.06400000e-03  0.00000000e+00  7.06400000e-03  1.79999982e+00  7.06400000e-03  8.07023446e-02 
 7.08400000e-03  1.80000000e+00  7.08400000e-03  0.00000000e+00  7.08400000e-03  1.79999982e+00  7.08400000e-03  7.86540515e-02 
 7.10400000e-03  1.80000000e+00  7.10400000e-03  0.00000000e+00  7.10400000e-03  1.79999982e+00  7.10400000e-03  7.66577459e-02 
 7.12400000e-03  1.80000000e+00  7.12400000e-03  0.00000000e+00  7.12400000e-03  1.79999982e+00  7.12400000e-03  7.47121081e-02 
 7.14400000e-03  1.80000000e+00  7.14400000e-03  0.00000000e+00  7.14400000e-03  1.79999982e+00  7.14400000e-03  7.28158522e-02 
 7.16400000e-03  1.80000000e+00  7.16400000e-03  0.00000000e+00  7.16400000e-03  1.79999982e+00  7.16400000e-03  7.09677250e-02 
 7.18400000e-03  1.80000000e+00  7.18400000e-03  0.00000000e+00  7.18400000e-03  1.79999982e+00  7.18400000e-03  6.91665047e-02 
 7.20400000e-03  1.80000000e+00  7.20400000e-03  0.00000000e+00  7.20400000e-03  1.79999982e+00  7.20400000e-03  6.74110009e-02 
 7.22400000e-03  1.80000000e+00  7.22400000e-03  0.00000000e+00  7.22400000e-03  1.79999982e+00  7.22400000e-03  6.57000532e-02 
 7.24400000e-03  1.80000000e+00  7.24400000e-03  0.00000000e+00  7.24400000e-03  1.79999982e+00  7.24400000e-03  6.40325309e-02 
 7.26400000e-03  1.80000000e+00  7.26400000e-03  0.00000000e+00  7.26400000e-03  1.79999982e+00  7.26400000e-03  6.24073316e-02 
 7.28400000e-03  1.80000000e+00  7.28400000e-03  0.00000000e+00  7.28400000e-03  1.79999982e+00  7.28400000e-03  6.08233813e-02 
 7.30400000e-03  1.80000000e+00  7.30400000e-03  0.00000000e+00  7.30400000e-03  1.79999982e+00  7.30400000e-03  5.92796330e-02 
 7.32400000e-03  1.80000000e+00  7.32400000e-03  0.00000000e+00  7.32400000e-03  1.79999982e+00  7.32400000e-03  5.77750663e-02 
 7.34400000e-03  1.80000000e+00  7.34400000e-03  0.00000000e+00  7.34400000e-03  1.79999982e+00  7.34400000e-03  5.63086867e-02 
 7.36400000e-03  1.80000000e+00  7.36400000e-03  0.00000000e+00  7.36400000e-03  1.79999982e+00  7.36400000e-03  5.48795251e-02 
 7.38400000e-03  1.80000000e+00  7.38400000e-03  0.00000000e+00  7.38400000e-03  1.79999982e+00  7.38400000e-03  5.34866368e-02 
 7.40400000e-03  1.80000000e+00  7.40400000e-03  0.00000000e+00  7.40400000e-03  1.79999982e+00  7.40400000e-03  5.21291012e-02 
 7.42400000e-03  1.80000000e+00  7.42400000e-03  0.00000000e+00  7.42400000e-03  1.79999982e+00  7.42400000e-03  5.08060210e-02 
 7.44400000e-03  1.80000000e+00  7.44400000e-03  0.00000000e+00  7.44400000e-03  1.79999982e+00  7.44400000e-03  4.95165216e-02 
 7.46400000e-03  1.80000000e+00  7.46400000e-03  0.00000000e+00  7.46400000e-03  1.79999982e+00  7.46400000e-03  4.82597508e-02 
 7.48400000e-03  1.80000000e+00  7.48400000e-03  0.00000000e+00  7.48400000e-03  1.79999982e+00  7.48400000e-03  4.70348780e-02 
 7.50400000e-03  1.80000000e+00  7.50400000e-03  0.00000000e+00  7.50400000e-03  1.79999982e+00  7.50400000e-03  4.58410934e-02 
 7.52400000e-03  1.80000000e+00  7.52400000e-03  0.00000000e+00  7.52400000e-03  1.79999982e+00  7.52400000e-03  4.46776081e-02 
 7.54400000e-03  1.80000000e+00  7.54400000e-03  0.00000000e+00  7.54400000e-03  1.79999982e+00  7.54400000e-03  4.35436530e-02 
 7.56400000e-03  1.80000000e+00  7.56400000e-03  0.00000000e+00  7.56400000e-03  1.79999982e+00  7.56400000e-03  4.24384786e-02 
 7.58400000e-03  1.80000000e+00  7.58400000e-03  0.00000000e+00  7.58400000e-03  1.79999982e+00  7.58400000e-03  4.13613545e-02 
 7.60400000e-03  1.80000000e+00  7.60400000e-03  0.00000000e+00  7.60400000e-03  1.79999982e+00  7.60400000e-03  4.03115687e-02 
 7.62400000e-03  1.80000000e+00  7.62400000e-03  0.00000000e+00  7.62400000e-03  1.79999982e+00  7.62400000e-03  3.92884273e-02 
 7.64400000e-03  1.80000000e+00  7.64400000e-03  0.00000000e+00  7.64400000e-03  1.79999982e+00  7.64400000e-03  3.82912541e-02 
 7.66400000e-03  1.80000000e+00  7.66400000e-03  0.00000000e+00  7.66400000e-03  1.79999982e+00  7.66400000e-03  3.73193901e-02 
 7.68400000e-03  1.80000000e+00  7.68400000e-03  0.00000000e+00  7.68400000e-03  1.79999982e+00  7.68400000e-03  3.63721927e-02 
 7.70400000e-03  1.80000000e+00  7.70400000e-03  0.00000000e+00  7.70400000e-03  1.79999982e+00  7.70400000e-03  3.54490360e-02 
 7.72400000e-03  1.80000000e+00  7.72400000e-03  0.00000000e+00  7.72400000e-03  1.79999982e+00  7.72400000e-03  3.45493098e-02 
 7.74400000e-03  1.80000000e+00  7.74400000e-03  0.00000000e+00  7.74400000e-03  1.79999982e+00  7.74400000e-03  3.36724194e-02 
 7.76400000e-03  1.80000000e+00  7.76400000e-03  0.00000000e+00  7.76400000e-03  1.79999982e+00  7.76400000e-03  3.28177852e-02 
 7.78400000e-03  1.80000000e+00  7.78400000e-03  0.00000000e+00  7.78400000e-03  1.79999982e+00  7.78400000e-03  3.19848423e-02 
 7.80400000e-03  1.80000000e+00  7.80400000e-03  0.00000000e+00  7.80400000e-03  1.79999982e+00  7.80400000e-03  3.11730402e-02 
 7.82400000e-03  1.80000000e+00  7.82400000e-03  0.00000000e+00  7.82400000e-03  1.79999982e+00  7.82400000e-03  3.03818424e-02 
 7.84400000e-03  1.80000000e+00  7.84400000e-03  0.00000000e+00  7.84400000e-03  1.79999982e+00  7.84400000e-03  2.96107258e-02 
 7.86400000e-03  1.80000000e+00  7.86400000e-03  0.00000000e+00  7.86400000e-03  1.79999982e+00  7.86400000e-03  2.88591808e-02 
 7.88400000e-03  1.80000000e+00  7.88400000e-03  0.00000000e+00  7.88400000e-03  1.79999982e+00  7.88400000e-03  2.81267106e-02 
 7.90400000e-03  1.80000000e+00  7.90400000e-03  0.00000000e+00  7.90400000e-03  1.79999982e+00  7.90400000e-03  2.74128312e-02 
 7.92400000e-03  1.80000000e+00  7.92400000e-03  0.00000000e+00  7.92400000e-03  1.79999982e+00  7.92400000e-03  2.67170705e-02 
 7.94400000e-03  1.80000000e+00  7.94400000e-03  0.00000000e+00  7.94400000e-03  1.79999982e+00  7.94400000e-03  2.60389689e-02 
 7.96400000e-03  1.80000000e+00  7.96400000e-03  0.00000000e+00  7.96400000e-03  1.79999982e+00  7.96400000e-03  2.53780781e-02 
 7.98400000e-03  1.80000000e+00  7.98400000e-03  0.00000000e+00  7.98400000e-03  1.79999982e+00  7.98400000e-03  2.47339612e-02 
 8.00400000e-03  1.80000000e+00  8.00400000e-03  0.00000000e+00  8.00400000e-03  1.79999982e+00  8.00400000e-03  2.41061926e-02 
 8.02400000e-03  1.80000000e+00  8.02400000e-03  0.00000000e+00  8.02400000e-03  1.79999982e+00  8.02400000e-03  2.34943572e-02 
 8.04400000e-03  1.80000000e+00  8.04400000e-03  0.00000000e+00  8.04400000e-03  1.79999982e+00  8.04400000e-03  2.28980508e-02 
 8.06400000e-03  1.80000000e+00  8.06400000e-03  0.00000000e+00  8.06400000e-03  1.79999982e+00  8.06400000e-03  2.23168791e-02 
 8.08400000e-03  1.80000000e+00  8.08400000e-03  0.00000000e+00  8.08400000e-03  1.79999982e+00  8.08400000e-03  2.17504580e-02 
 8.10400000e-03  1.80000000e+00  8.10400000e-03  0.00000000e+00  8.10400000e-03  1.79999982e+00  8.10400000e-03  2.11984132e-02 
 8.12400000e-03  1.80000000e+00  8.12400000e-03  0.00000000e+00  8.12400000e-03  1.79999982e+00  8.12400000e-03  2.06603797e-02 
 8.14400000e-03  1.80000000e+00  8.14400000e-03  0.00000000e+00  8.14400000e-03  1.79999982e+00  8.14400000e-03  2.01360020e-02 
 8.16400000e-03  1.80000000e+00  8.16400000e-03  0.00000000e+00  8.16400000e-03  1.79999982e+00  8.16400000e-03  1.96249334e-02 
 8.18400000e-03  1.80000000e+00  8.18400000e-03  0.00000000e+00  8.18400000e-03  1.79999982e+00  8.18400000e-03  1.91268362e-02 
 8.20400000e-03  1.80000000e+00  8.20400000e-03  0.00000000e+00  8.20400000e-03  1.79999982e+00  8.20400000e-03  1.86413810e-02 
 8.22400000e-03  1.80000000e+00  8.22400000e-03  0.00000000e+00  8.22400000e-03  1.79999982e+00  8.22400000e-03  1.81682472e-02 
 8.24400000e-03  1.80000000e+00  8.24400000e-03  0.00000000e+00  8.24400000e-03  1.79999982e+00  8.24400000e-03  1.77071219e-02 
 8.26400000e-03  1.80000000e+00  8.26400000e-03  0.00000000e+00  8.26400000e-03  1.79999982e+00  8.26400000e-03  1.72577003e-02 
 8.28400000e-03  1.80000000e+00  8.28400000e-03  0.00000000e+00  8.28400000e-03  1.79999982e+00  8.28400000e-03  1.68196854e-02 
 8.30400000e-03  1.80000000e+00  8.30400000e-03  0.00000000e+00  8.30400000e-03  1.79999982e+00  8.30400000e-03  1.63927877e-02 
 8.32400000e-03  1.80000000e+00  8.32400000e-03  0.00000000e+00  8.32400000e-03  1.79999982e+00  8.32400000e-03  1.59767250e-02 
 8.34400000e-03  1.80000000e+00  8.34400000e-03  0.00000000e+00  8.34400000e-03  1.79999982e+00  8.34400000e-03  1.55712224e-02 
 8.36400000e-03  1.80000000e+00  8.36400000e-03  0.00000000e+00  8.36400000e-03  1.79999982e+00  8.36400000e-03  1.51760117e-02 
 8.38400000e-03  1.80000000e+00  8.38400000e-03  0.00000000e+00  8.38400000e-03  1.79999982e+00  8.38400000e-03  1.47908318e-02 
 8.40400000e-03  1.80000000e+00  8.40400000e-03  0.00000000e+00  8.40400000e-03  1.79999982e+00  8.40400000e-03  1.44154281e-02 
 8.42400000e-03  1.80000000e+00  8.42400000e-03  0.00000000e+00  8.42400000e-03  1.79999982e+00  8.42400000e-03  1.40495525e-02 
 8.44400000e-03  1.80000000e+00  8.44400000e-03  0.00000000e+00  8.44400000e-03  1.79999982e+00  8.44400000e-03  1.36929631e-02 
 8.46400000e-03  1.80000000e+00  8.46400000e-03  0.00000000e+00  8.46400000e-03  1.79999982e+00  8.46400000e-03  1.33454242e-02 
 8.48400000e-03  1.80000000e+00  8.48400000e-03  0.00000000e+00  8.48400000e-03  1.79999982e+00  8.48400000e-03  1.30067062e-02 
 8.50400000e-03  1.80000000e+00  8.50400000e-03  0.00000000e+00  8.50400000e-03  1.79999982e+00  8.50400000e-03  1.26765851e-02 
 8.52400000e-03  1.80000000e+00  8.52400000e-03  0.00000000e+00  8.52400000e-03  1.79999982e+00  8.52400000e-03  1.23548428e-02 
 8.54400000e-03  1.80000000e+00  8.54400000e-03  0.00000000e+00  8.54400000e-03  1.79999982e+00  8.54400000e-03  1.20412665e-02 
 8.56400000e-03  1.80000000e+00  8.56400000e-03  0.00000000e+00  8.56400000e-03  1.79999982e+00  8.56400000e-03  1.17356491e-02 
 8.58400000e-03  1.80000000e+00  8.58400000e-03  0.00000000e+00  8.58400000e-03  1.79999982e+00  8.58400000e-03  1.14377885e-02 
 8.60400000e-03  1.80000000e+00  8.60400000e-03  0.00000000e+00  8.60400000e-03  1.79999982e+00  8.60400000e-03  1.11474879e-02 
 8.62400000e-03  1.80000000e+00  8.62400000e-03  0.00000000e+00  8.62400000e-03  1.79999982e+00  8.62400000e-03  1.08645553e-02 
 8.64400000e-03  1.80000000e+00  8.64400000e-03  0.00000000e+00  8.64400000e-03  1.79999982e+00  8.64400000e-03  1.05888038e-02 
 8.66400000e-03  1.80000000e+00  8.66400000e-03  0.00000000e+00  8.66400000e-03  1.79999982e+00  8.66400000e-03  1.03200511e-02 
 8.68400000e-03  1.80000000e+00  8.68400000e-03  0.00000000e+00  8.68400000e-03  1.79999982e+00  8.68400000e-03  1.00581195e-02 
 8.70400000e-03  1.80000000e+00  8.70400000e-03  0.00000000e+00  8.70400000e-03  1.79999982e+00  8.70400000e-03  9.80283604e-03 
 8.72400000e-03  1.80000000e+00  8.72400000e-03  0.00000000e+00  8.72400000e-03  1.79999982e+00  8.72400000e-03  9.55403186e-03 
 8.74400000e-03  1.80000000e+00  8.74400000e-03  0.00000000e+00  8.74400000e-03  1.79999982e+00  8.74400000e-03  9.31154253e-03 
 8.76400000e-03  1.80000000e+00  8.76400000e-03  0.00000000e+00  8.76400000e-03  1.79999982e+00  8.76400000e-03  9.07520779e-03 
 8.78400000e-03  1.80000000e+00  8.78400000e-03  0.00000000e+00  8.78400000e-03  1.79999982e+00  8.78400000e-03  8.84487142e-03 
 8.80400000e-03  1.80000000e+00  8.80400000e-03  0.00000000e+00  8.80400000e-03  1.79999982e+00  8.80400000e-03  8.62038118e-03 
 8.82400000e-03  1.80000000e+00  8.82400000e-03  0.00000000e+00  8.82400000e-03  1.79999982e+00  8.82400000e-03  8.40158869e-03 
 8.84400000e-03  1.80000000e+00  8.84400000e-03  0.00000000e+00  8.84400000e-03  1.79999982e+00  8.84400000e-03  8.18834933e-03 
 8.86400000e-03  1.80000000e+00  8.86400000e-03  0.00000000e+00  8.86400000e-03  1.79999982e+00  8.86400000e-03  7.98052217e-03 
 8.88400000e-03  1.80000000e+00  8.88400000e-03  0.00000000e+00  8.88400000e-03  1.79999982e+00  8.88400000e-03  7.77796984e-03 
 8.90400000e-03  1.80000000e+00  8.90400000e-03  0.00000000e+00  8.90400000e-03  1.79999982e+00  8.90400000e-03  7.58055846e-03 
 8.92400000e-03  1.80000000e+00  8.92400000e-03  0.00000000e+00  8.92400000e-03  1.79999982e+00  8.92400000e-03  7.38815754e-03 
 8.94400000e-03  1.80000000e+00  8.94400000e-03  0.00000000e+00  8.94400000e-03  1.79999982e+00  8.94400000e-03  7.20063992e-03 
 8.96400000e-03  1.80000000e+00  8.96400000e-03  0.00000000e+00  8.96400000e-03  1.79999982e+00  8.96400000e-03  7.01788165e-03 
 8.98400000e-03  1.80000000e+00  8.98400000e-03  0.00000000e+00  8.98400000e-03  1.79999982e+00  8.98400000e-03  6.83976194e-03 
 9.00000000e-03  1.80000000e+00  9.00000000e-03  0.00000000e+00  9.00000000e-03  1.79999982e+00  9.00000000e-03  6.70052945e-03 
 9.00200000e-03  1.80000000e+00  9.00200000e-03  3.30000000e-01  9.00200000e-03  1.79999982e+00  9.00200000e-03  6.68334852e-03 
 9.00600000e-03  1.80000000e+00  9.00600000e-03  9.90000000e-01  9.00600000e-03  1.79999982e+00  9.00600000e-03  6.64907476e-03 
 9.01072693e-03  1.79784436e+00  9.01072693e-03  1.76994330e+00  9.01072693e-03  5.84868604e-04  9.01072693e-03  1.04697342e-02 
 9.01534463e-03  1.79676366e+00  9.01534463e-03  2.53186327e+00  9.01534463e-03  2.93827798e-04  9.01534463e-03  1.79463077e-02 
 9.02000000e-03  1.79728991e+00  9.02000000e-03  3.30000000e+00  9.02000000e-03  1.96414495e-04  9.02000000e-03  2.54379425e-02 
 9.02092354e-03  1.79719676e+00  9.02092354e-03  3.30000000e+00  9.02092354e-03  1.96412665e-04  9.02092354e-03  2.69185434e-02 
 9.02277062e-03  1.79711053e+00  9.02277062e-03  3.30000000e+00  9.02277062e-03  1.96403241e-04  9.02277062e-03  2.98759968e-02 
 9.02646478e-03  1.79711886e+00  9.02646478e-03  3.30000000e+00  9.02646478e-03  1.96404152e-04  9.02646478e-03  3.57694611e-02 
 9.03385309e-03  1.79711496e+00  9.03385309e-03  3.30000000e+00  9.03385309e-03  1.96403725e-04  9.03385309e-03  4.74728832e-02 
 9.04862972e-03  1.79711772e+00  9.04862972e-03  3.30000000e+00  9.04862972e-03  1.96404027e-04  9.04862972e-03  7.05494115e-02 
 9.06862972e-03  1.79711544e+00  9.06862972e-03  3.30000000e+00  9.06862972e-03  1.96403777e-04  9.06862972e-03  1.01094023e-01 
 9.08862972e-03  1.79711739e+00  9.08862972e-03  3.30000000e+00  9.08862972e-03  1.96403990e-04  9.08862972e-03  1.30863376e-01 
 9.10862972e-03  1.79711573e+00  9.10862972e-03  3.30000000e+00  9.10862972e-03  1.96403809e-04  9.10862972e-03  1.59877167e-01 
 9.12862972e-03  1.79711714e+00  9.12862972e-03  3.30000000e+00  9.12862972e-03  1.96403964e-04  9.12862972e-03  1.88154556e-01 
 9.14862972e-03  1.79711593e+00  9.14862972e-03  3.30000000e+00  9.14862972e-03  1.96403832e-04  9.14862972e-03  2.15714247e-01 
 9.16862972e-03  1.79711696e+00  9.16862972e-03  3.30000000e+00  9.16862972e-03  1.96403944e-04  9.16862972e-03  2.42574446e-01 
 9.18862972e-03  1.79711609e+00  9.18862972e-03  3.30000000e+00  9.18862972e-03  1.96403848e-04  9.18862972e-03  2.68752914e-01 
 9.20862972e-03  1.79711683e+00  9.20862972e-03  3.30000000e+00  9.20862972e-03  1.96403930e-04  9.20862972e-03  2.94266947e-01 
 9.22862972e-03  1.79711620e+00  9.22862972e-03  3.30000000e+00  9.22862972e-03  1.96403860e-04  9.22862972e-03  3.19133416e-01 
 9.24862972e-03  1.79711674e+00  9.24862972e-03  3.30000000e+00  9.24862972e-03  1.96403920e-04  9.24862972e-03  3.43368750e-01 
 9.26862972e-03  1.79711628e+00  9.26862972e-03  3.30000000e+00  9.26862972e-03  1.96403869e-04  9.26862972e-03  3.66988974e-01 
 9.28862972e-03  1.79711667e+00  9.28862972e-03  3.30000000e+00  9.28862972e-03  1.96403912e-04  9.28862972e-03  3.90009694e-01 
 9.30862972e-03  1.79711633e+00  9.30862972e-03  3.30000000e+00  9.30862972e-03  1.96403875e-04  9.30862972e-03  4.12446132e-01 
 9.32862972e-03  1.79711662e+00  9.32862972e-03  3.30000000e+00  9.32862972e-03  1.96403907e-04  9.32862972e-03  4.34313112e-01 
 9.34862972e-03  1.79711638e+00  9.34862972e-03  3.30000000e+00  9.34862972e-03  1.96403880e-04  9.34862972e-03  4.55625091e-01 
 9.36862972e-03  1.79711659e+00  9.36862972e-03  3.30000000e+00  9.36862972e-03  1.96403903e-04  9.36862972e-03  4.76396153e-01 
 9.38862972e-03  1.79711641e+00  9.38862972e-03  3.30000000e+00  9.38862972e-03  1.96403883e-04  9.38862972e-03  4.96640029e-01 
 9.40862972e-03  1.79711656e+00  9.40862972e-03  3.30000000e+00  9.40862972e-03  1.96403900e-04  9.40862972e-03  5.16370098e-01 
 9.42862972e-03  1.79711643e+00  9.42862972e-03  3.30000000e+00  9.42862972e-03  1.96403886e-04  9.42862972e-03  5.35599401e-01 
 9.44862972e-03  1.79711654e+00  9.44862972e-03  3.30000000e+00  9.44862972e-03  1.96403898e-04  9.44862972e-03  5.54340649e-01 
 9.46862972e-03  1.79711645e+00  9.46862972e-03  3.30000000e+00  9.46862972e-03  1.96403888e-04  9.46862972e-03  5.72606228e-01 
 9.48862972e-03  1.79711653e+00  9.48862972e-03  3.30000000e+00  9.48862972e-03  1.96403896e-04  9.48862972e-03  5.90408211e-01 
 9.50862972e-03  1.79711646e+00  9.50862972e-03  3.30000000e+00  9.50862972e-03  1.96403889e-04  9.50862972e-03  6.07758366e-01 
 9.52862972e-03  1.79711652e+00  9.52862972e-03  3.30000000e+00  9.52862972e-03  1.96403895e-04  9.52862972e-03  6.24668158e-01 
 9.54862972e-03  1.79711647e+00  9.54862972e-03  3.30000000e+00  9.54862972e-03  1.96403890e-04  9.54862972e-03  6.41148766e-01 
 9.56862972e-03  1.79711651e+00  9.56862972e-03  3.30000000e+00  9.56862972e-03  1.96403894e-04  9.56862972e-03  6.57211083e-01 
 9.58862972e-03  1.79711647e+00  9.58862972e-03  3.30000000e+00  9.58862972e-03  1.96403891e-04  9.58862972e-03  6.72865724e-01 
 9.60862972e-03  1.79711650e+00  9.60862972e-03  3.30000000e+00  9.60862972e-03  1.96403894e-04  9.60862972e-03  6.88123037e-01 
 9.62862972e-03  1.79711651e+00  9.62862972e-03  3.30000000e+00  9.62862972e-03  1.96403895e-04  9.62862972e-03  7.02992909e-01 
 9.64862972e-03  1.79711725e+00  9.64862972e-03  3.30000000e+00  9.64862972e-03  1.96403975e-04  9.64862972e-03  7.17480862e-01 
 9.66862972e-03  1.79711891e+00  9.66862972e-03  3.30000000e+00  9.66862972e-03  1.96404157e-04  9.66862972e-03  7.31587205e-01 
 9.68862972e-03  1.79712146e+00  9.68862972e-03  3.30000000e+00  9.68862972e-03  1.96404436e-04  9.68862972e-03  7.45311500e-01 
 9.70862972e-03  1.79712478e+00  9.70862972e-03  3.30000000e+00  9.70862972e-03  1.96404799e-04  9.70862972e-03  7.58654175e-01 
 9.72862972e-03  1.79712884e+00  9.72862972e-03  3.30000000e+00  9.72862972e-03  1.96405242e-04  9.72862972e-03  7.71616471e-01 
 9.74862972e-03  1.79713353e+00  9.74862972e-03  3.30000000e+00  9.74862972e-03  1.96405755e-04  9.74862972e-03  7.84200398e-01 
 9.76862972e-03  1.79713882e+00  9.76862972e-03  3.30000000e+00  9.76862972e-03  1.96406333e-04  9.76862972e-03  7.96408678e-01 
 9.78862972e-03  1.79714462e+00  9.78862972e-03  3.30000000e+00  9.78862972e-03  1.96406967e-04  9.78862972e-03  8.08244697e-01 
 9.80862972e-03  1.79715088e+00  9.80862972e-03  3.30000000e+00  9.80862972e-03  1.96407651e-04  9.80862972e-03  8.19712457e-01 
 9.82862972e-03  1.79715754e+00  9.82862972e-03  3.30000000e+00  9.82862972e-03  1.96408378e-04  9.82862972e-03  8.30816516e-01 
 9.84862972e-03  1.79716454e+00  9.84862972e-03  3.30000000e+00  9.84862972e-03  1.96409144e-04  9.84862972e-03  8.41561949e-01 
 9.86862972e-03  1.79717184e+00  9.86862972e-03  3.30000000e+00  9.86862972e-03  1.96409942e-04  9.86862972e-03  8.51954290e-01 
 9.88862972e-03  1.79717938e+00  9.88862972e-03  3.30000000e+00  9.88862972e-03  1.96410766e-04  9.88862972e-03  8.61999487e-01 
 9.90862972e-03  1.79718713e+00  9.90862972e-03  3.30000000e+00  9.90862972e-03  1.96411613e-04  9.90862972e-03  8.71703858e-01 
 9.92862972e-03  1.79719504e+00  9.92862972e-03  3.30000000e+00  9.92862972e-03  1.96412477e-04  9.92862972e-03  8.81074042e-01 
 9.94862972e-03  1.79720306e+00  9.94862972e-03  3.30000000e+00  9.94862972e-03  1.96413354e-04  9.94862972e-03  8.90116959e-01 
 9.96862972e-03  1.79721118e+00  9.96862972e-03  3.30000000e+00  9.96862972e-03  1.96414241e-04  9.96862972e-03  8.98839767e-01 
 9.98862972e-03  1.79721935e+00  9.98862972e-03  3.30000000e+00  9.98862972e-03  1.96415134e-04  9.98862972e-03  9.07249827e-01 
 1.00086297e-02  1.79722754e+00  1.00086297e-02  3.30000000e+00  1.00086297e-02  1.96416029e-04  1.00086297e-02  9.15354660e-01 
 1.00286297e-02  1.79723572e+00  1.00286297e-02  3.30000000e+00  1.00286297e-02  1.96416924e-04  1.00286297e-02  9.23161918e-01 
 1.00486297e-02  1.79724388e+00  1.00486297e-02  3.30000000e+00  1.00486297e-02  1.96417815e-04  1.00486297e-02  9.30679349e-01 
 1.00686297e-02  1.79725199e+00  1.00686297e-02  3.30000000e+00  1.00686297e-02  1.96418701e-04  1.00686297e-02  9.37914766e-01 
 1.00886297e-02  1.79726002e+00  1.00886297e-02  3.30000000e+00  1.00886297e-02  1.96419580e-04  1.00886297e-02  9.44876023e-01 
 1.01086297e-02  1.79726797e+00  1.01086297e-02  3.30000000e+00  1.01086297e-02  1.96420448e-04  1.01086297e-02  9.51570983e-01 
 1.01286297e-02  1.79727581e+00  1.01286297e-02  3.30000000e+00  1.01286297e-02  1.96421305e-04  1.01286297e-02  9.58007502e-01 
 1.01486297e-02  1.79728353e+00  1.01486297e-02  3.30000000e+00  1.01486297e-02  1.96422149e-04  1.01486297e-02  9.64193399e-01 
 1.01686297e-02  1.79729112e+00  1.01686297e-02  3.30000000e+00  1.01686297e-02  1.96422979e-04  1.01686297e-02  9.70136444e-01 
 1.01886297e-02  1.79729857e+00  1.01886297e-02  3.30000000e+00  1.01886297e-02  1.96423793e-04  1.01886297e-02  9.75844332e-01 
 1.02086297e-02  1.79730587e+00  1.02086297e-02  3.30000000e+00  1.02086297e-02  1.96424591e-04  1.02086297e-02  9.81324677e-01 
 1.02286297e-02  1.79731302e+00  1.02286297e-02  3.30000000e+00  1.02286297e-02  1.96425371e-04  1.02286297e-02  9.86584987e-01 
 1.02486297e-02  1.79731999e+00  1.02486297e-02  3.30000000e+00  1.02486297e-02  1.96426134e-04  1.02486297e-02  9.91632661e-01 
 1.02686297e-02  1.79732680e+00  1.02686297e-02  3.30000000e+00  1.02686297e-02  1.96426878e-04  1.02686297e-02  9.96474969e-01 
 1.02886297e-02  1.79733343e+00  1.02886297e-02  3.30000000e+00  1.02886297e-02  1.96427603e-04  1.02886297e-02  1.00111905e+00 
 1.03086297e-02  1.79733989e+00  1.03086297e-02  3.30000000e+00  1.03086297e-02  1.96428309e-04  1.03086297e-02  1.00557190e+00 
 1.03286297e-02  1.79734617e+00  1.03286297e-02  3.30000000e+00  1.03286297e-02  1.96428995e-04  1.03286297e-02  1.00984036e+00 
 1.03486297e-02  1.79735227e+00  1.03486297e-02  3.30000000e+00  1.03486297e-02  1.96429662e-04  1.03486297e-02  1.01393113e+00 
 1.03686297e-02  1.79735819e+00  1.03686297e-02  3.30000000e+00  1.03686297e-02  1.96430308e-04  1.03686297e-02  1.01785073e+00 
 1.03886297e-02  1.79736393e+00  1.03886297e-02  3.30000000e+00  1.03886297e-02  1.96430936e-04  1.03886297e-02  1.02160552e+00 
 1.04086297e-02  1.79736949e+00  1.04086297e-02  3.30000000e+00  1.04086297e-02  1.96431543e-04  1.04086297e-02  1.02520172e+00 
 1.04286297e-02  1.79737487e+00  1.04286297e-02  3.30000000e+00  1.04286297e-02  1.96432132e-04  1.04286297e-02  1.02864533e+00 
 1.04486297e-02  1.79738008e+00  1.04486297e-02  3.30000000e+00  1.04486297e-02  1.96432701e-04  1.04486297e-02  1.03194224e+00 
 1.04686297e-02  1.79738511e+00  1.04686297e-02  3.30000000e+00  1.04686297e-02  1.96433250e-04  1.04686297e-02  1.03509811e+00 
 1.04886297e-02  1.79738997e+00  1.04886297e-02  3.30000000e+00  1.04886297e-02  1.96433782e-04  1.04886297e-02  1.03811848e+00 
 1.05086297e-02  1.79739466e+00  1.05086297e-02  3.30000000e+00  1.05086297e-02  1.96434294e-04  1.05086297e-02  1.04100867e+00 
 1.05286297e-02  1.79739919e+00  1.05286297e-02  3.30000000e+00  1.05286297e-02  1.96434789e-04  1.05286297e-02  1.04377388e+00 
 1.05486297e-02  1.79740355e+00  1.05486297e-02  3.30000000e+00  1.05486297e-02  1.96435266e-04  1.05486297e-02  1.04641911e+00 
 1.05686297e-02  1.79740775e+00  1.05686297e-02  3.30000000e+00  1.05686297e-02  1.96435726e-04  1.05686297e-02  1.04894921e+00 
 1.05886297e-02  1.79741180e+00  1.05886297e-02  3.30000000e+00  1.05886297e-02  1.96436168e-04  1.05886297e-02  1.05136885e+00 
 1.06086297e-02  1.79741570e+00  1.06086297e-02  3.30000000e+00  1.06086297e-02  1.96436594e-04  1.06086297e-02  1.05368255e+00 
 1.06286297e-02  1.79741945e+00  1.06286297e-02  3.30000000e+00  1.06286297e-02  1.96437004e-04  1.06286297e-02  1.05589468e+00 
 1.06486297e-02  1.79742306e+00  1.06486297e-02  3.30000000e+00  1.06486297e-02  1.96437399e-04  1.06486297e-02  1.05800943e+00 
 1.06686297e-02  1.79742653e+00  1.06686297e-02  3.30000000e+00  1.06686297e-02  1.96437778e-04  1.06686297e-02  1.06003088e+00 
 1.06886297e-02  1.79742987e+00  1.06886297e-02  3.30000000e+00  1.06886297e-02  1.96438142e-04  1.06886297e-02  1.06196291e+00 
 1.07086297e-02  1.79743307e+00  1.07086297e-02  3.30000000e+00  1.07086297e-02  1.96438492e-04  1.07086297e-02  1.06380929e+00 
 1.07286297e-02  1.79743614e+00  1.07286297e-02  3.30000000e+00  1.07286297e-02  1.96438828e-04  1.07286297e-02  1.06557365e+00 
 1.07486297e-02  1.79743910e+00  1.07486297e-02  3.30000000e+00  1.07486297e-02  1.96439151e-04  1.07486297e-02  1.06725947e+00 
 1.07686297e-02  1.79744193e+00  1.07686297e-02  3.30000000e+00  1.07686297e-02  1.96439461e-04  1.07686297e-02  1.06887009e+00 
 1.07886297e-02  1.79744465e+00  1.07886297e-02  3.30000000e+00  1.07886297e-02  1.96439758e-04  1.07886297e-02  1.07040874e+00 
 1.08086297e-02  1.79744726e+00  1.08086297e-02  3.30000000e+00  1.08086297e-02  1.96440043e-04  1.08086297e-02  1.07187850e+00 
 1.08286297e-02  1.79744976e+00  1.08286297e-02  3.30000000e+00  1.08286297e-02  1.96440316e-04  1.08286297e-02  1.07328236e+00 
 1.08486297e-02  1.79745215e+00  1.08486297e-02  3.30000000e+00  1.08486297e-02  1.96440578e-04  1.08486297e-02  1.07462316e+00 
 1.08686297e-02  1.79745445e+00  1.08686297e-02  3.30000000e+00  1.08686297e-02  1.96440829e-04  1.08686297e-02  1.07590365e+00 
 1.08886297e-02  1.79745665e+00  1.08886297e-02  3.30000000e+00  1.08886297e-02  1.96441070e-04  1.08886297e-02  1.07712645e+00 
 1.09086297e-02  1.79745876e+00  1.09086297e-02  3.30000000e+00  1.09086297e-02  1.96441300e-04  1.09086297e-02  1.07829408e+00 
 1.09286297e-02  1.79746078e+00  1.09286297e-02  3.30000000e+00  1.09286297e-02  1.96441521e-04  1.09286297e-02  1.07940897e+00 
 1.09486297e-02  1.79746271e+00  1.09486297e-02  3.30000000e+00  1.09486297e-02  1.96441732e-04  1.09486297e-02  1.08047343e+00 
 1.09686297e-02  1.79746456e+00  1.09686297e-02  3.30000000e+00  1.09686297e-02  1.96441934e-04  1.09686297e-02  1.08148968e+00 
 1.09886297e-02  1.79746633e+00  1.09886297e-02  3.30000000e+00  1.09886297e-02  1.96442128e-04  1.09886297e-02  1.08245985e+00 
 1.10086297e-02  1.79746803e+00  1.10086297e-02  3.30000000e+00  1.10086297e-02  1.96442313e-04  1.10086297e-02  1.08338599e+00 
 1.10286297e-02  1.79746965e+00  1.10286297e-02  3.30000000e+00  1.10286297e-02  1.96442491e-04  1.10286297e-02  1.08427005e+00 
 1.10486297e-02  1.79747120e+00  1.10486297e-02  3.30000000e+00  1.10486297e-02  1.96442660e-04  1.10486297e-02  1.08511390e+00 
 1.10686297e-02  1.79747269e+00  1.10686297e-02  3.30000000e+00  1.10686297e-02  1.96442822e-04  1.10686297e-02  1.08591933e+00 
 1.10886297e-02  1.79747411e+00  1.10886297e-02  3.30000000e+00  1.10886297e-02  1.96442977e-04  1.10886297e-02  1.08668805e+00 
 1.11086297e-02  1.79747546e+00  1.11086297e-02  3.30000000e+00  1.11086297e-02  1.96443126e-04  1.11086297e-02  1.08742172e+00 
 1.11286297e-02  1.79747676e+00  1.11286297e-02  3.30000000e+00  1.11286297e-02  1.96443268e-04  1.11286297e-02  1.08812190e+00 
 1.11486297e-02  1.79747800e+00  1.11486297e-02  3.30000000e+00  1.11486297e-02  1.96443403e-04  1.11486297e-02  1.08879009e+00 
 1.11686297e-02  1.79747919e+00  1.11686297e-02  3.30000000e+00  1.11686297e-02  1.96443533e-04  1.11686297e-02  1.08942774e+00 
 1.11886297e-02  1.79748032e+00  1.11886297e-02  3.30000000e+00  1.11886297e-02  1.96443657e-04  1.11886297e-02  1.09003621e+00 
 1.12086297e-02  1.79748141e+00  1.12086297e-02  3.30000000e+00  1.12086297e-02  1.96443775e-04  1.12086297e-02  1.09061682e+00 
 1.12286297e-02  1.79748244e+00  1.12286297e-02  3.30000000e+00  1.12286297e-02  1.96443888e-04  1.12286297e-02  1.09117084e+00 
 1.12486297e-02  1.79748343e+00  1.12486297e-02  3.30000000e+00  1.12486297e-02  1.96443996e-04  1.12486297e-02  1.09169946e+00 
 1.12686297e-02  1.79748437e+00  1.12686297e-02  3.30000000e+00  1.12686297e-02  1.96444100e-04  1.12686297e-02  1.09220384e+00 
 1.12886297e-02  1.79748528e+00  1.12886297e-02  3.30000000e+00  1.12886297e-02  1.96444198e-04  1.12886297e-02  1.09268506e+00 
 1.13086297e-02  1.79748614e+00  1.13086297e-02  3.30000000e+00  1.13086297e-02  1.96444293e-04  1.13086297e-02  1.09314420e+00 
 1.13286297e-02  1.79748696e+00  1.13286297e-02  3.30000000e+00  1.13286297e-02  1.96444383e-04  1.13286297e-02  1.09358223e+00 
 1.13486297e-02  1.79748775e+00  1.13486297e-02  3.30000000e+00  1.13486297e-02  1.96444469e-04  1.13486297e-02  1.09400014e+00 
 1.13686297e-02  1.79748850e+00  1.13686297e-02  3.30000000e+00  1.13686297e-02  1.96444551e-04  1.13686297e-02  1.09439882e+00 
 1.13886297e-02  1.79748922e+00  1.13886297e-02  3.30000000e+00  1.13886297e-02  1.96444629e-04  1.13886297e-02  1.09477916e+00 
 1.14086297e-02  1.79748990e+00  1.14086297e-02  3.30000000e+00  1.14086297e-02  1.96444704e-04  1.14086297e-02  1.09514200e+00 
 1.14286297e-02  1.79749056e+00  1.14286297e-02  3.30000000e+00  1.14286297e-02  1.96444775e-04  1.14286297e-02  1.09548813e+00 
 1.14486297e-02  1.79749118e+00  1.14486297e-02  3.30000000e+00  1.14486297e-02  1.96444844e-04  1.14486297e-02  1.09581832e+00 
 1.14686297e-02  1.79749178e+00  1.14686297e-02  3.30000000e+00  1.14686297e-02  1.96444909e-04  1.14686297e-02  1.09613329e+00 
 1.14886297e-02  1.79749235e+00  1.14886297e-02  3.30000000e+00  1.14886297e-02  1.96444971e-04  1.14886297e-02  1.09643374e+00 
 1.15086297e-02  1.79749289e+00  1.15086297e-02  3.30000000e+00  1.15086297e-02  1.96445030e-04  1.15086297e-02  1.09672034e+00 
 1.15286297e-02  1.79749341e+00  1.15286297e-02  3.30000000e+00  1.15286297e-02  1.96445087e-04  1.15286297e-02  1.09699372e+00 
 1.15486297e-02  1.79749390e+00  1.15486297e-02  3.30000000e+00  1.15486297e-02  1.96445141e-04  1.15486297e-02  1.09725449e+00 
 1.15686297e-02  1.79749438e+00  1.15686297e-02  3.30000000e+00  1.15686297e-02  1.96445193e-04  1.15686297e-02  1.09750322e+00 
 1.15886297e-02  1.79749483e+00  1.15886297e-02  3.30000000e+00  1.15886297e-02  1.96445242e-04  1.15886297e-02  1.09774046e+00 
 1.16086297e-02  1.79749526e+00  1.16086297e-02  3.30000000e+00  1.16086297e-02  1.96445289e-04  1.16086297e-02  1.09796675e+00 
 1.16286297e-02  1.79749567e+00  1.16286297e-02  3.30000000e+00  1.16286297e-02  1.96445334e-04  1.16286297e-02  1.09818259e+00 
 1.16486297e-02  1.79749606e+00  1.16486297e-02  3.30000000e+00  1.16486297e-02  1.96445377e-04  1.16486297e-02  1.09838846e+00 
 1.16686297e-02  1.79749643e+00  1.16686297e-02  3.30000000e+00  1.16686297e-02  1.96445418e-04  1.16686297e-02  1.09858481e+00 
 1.16886297e-02  1.79749679e+00  1.16886297e-02  3.30000000e+00  1.16886297e-02  1.96445457e-04  1.16886297e-02  1.09877209e+00 
 1.17086297e-02  1.79749713e+00  1.17086297e-02  3.30000000e+00  1.17086297e-02  1.96445494e-04  1.17086297e-02  1.09895071e+00 
 1.17286297e-02  1.79749746e+00  1.17286297e-02  3.30000000e+00  1.17286297e-02  1.96445529e-04  1.17286297e-02  1.09912106e+00 
 1.17486297e-02  1.79749777e+00  1.17486297e-02  3.30000000e+00  1.17486297e-02  1.96445563e-04  1.17486297e-02  1.09928354e+00 
 1.17686297e-02  1.79749806e+00  1.17686297e-02  3.30000000e+00  1.17686297e-02  1.96445596e-04  1.17686297e-02  1.09943851e+00 
 1.17886297e-02  1.79749834e+00  1.17886297e-02  3.30000000e+00  1.17886297e-02  1.96445626e-04  1.17886297e-02  1.09958630e+00 
 1.18086297e-02  1.79749861e+00  1.18086297e-02  3.30000000e+00  1.18086297e-02  1.96445656e-04  1.18086297e-02  1.09972726e+00 
 1.18286297e-02  1.79749887e+00  1.18286297e-02  3.30000000e+00  1.18286297e-02  1.96445684e-04  1.18286297e-02  1.09986169e+00 
 1.18486297e-02  1.79749912e+00  1.18486297e-02  3.30000000e+00  1.18486297e-02  1.96445711e-04  1.18486297e-02  1.09998990e+00 
 1.18686297e-02  1.79749935e+00  1.18686297e-02  3.30000000e+00  1.18686297e-02  1.96445736e-04  1.18686297e-02  1.10011217e+00 
 1.18886297e-02  1.79749957e+00  1.18886297e-02  3.30000000e+00  1.18886297e-02  1.96445761e-04  1.18886297e-02  1.10022878e+00 
 1.19086297e-02  1.79749979e+00  1.19086297e-02  3.30000000e+00  1.19086297e-02  1.96445784e-04  1.19086297e-02  1.10033999e+00 
 1.19286297e-02  1.79749999e+00  1.19286297e-02  3.30000000e+00  1.19286297e-02  1.96445806e-04  1.19286297e-02  1.10044605e+00 
 1.19486297e-02  1.79750018e+00  1.19486297e-02  3.30000000e+00  1.19486297e-02  1.96445827e-04  1.19486297e-02  1.10054720e+00 
 1.19686297e-02  1.79750037e+00  1.19686297e-02  3.30000000e+00  1.19686297e-02  1.96445847e-04  1.19686297e-02  1.10064367e+00 
 1.19886297e-02  1.79750054e+00  1.19886297e-02  3.30000000e+00  1.19886297e-02  1.96445867e-04  1.19886297e-02  1.10073566e+00 
 1.20000000e-02  1.79750064e+00  1.20000000e-02  3.30000000e+00  1.20000000e-02  1.96445877e-04  1.20000000e-02  1.10078604e+00 
